0.819
0.8639
0.8683
0.8795
0.8914
0.8845
0.8935
0.8913
0.909
0.8933
0.9032
0.9111
0.9083
0.9245
0.9115
0.926
0.9264
0.9331
0.924
0.9341
0.9078
0.9042
0.9447
0.926
0.9384
0.9227
0.943
0.9266
0.9512
0.9327
0.9451
0.913
0.9425
0.9525
0.9583
0.9538
0.9537
0.9541
0.9553
0.9561
0.9689
0.9739
0.9752
0.9751
0.975
0.9761
0.9767
0.977
0.9773
0.9771
0.9799
0.9792
0.9786
0.9781
0.9809
0.9793
0.9802
0.9811
0.9811
0.9826
0.9817
0.9831
0.985
0.9837
0.9843
0.9843
0.9861
0.9847
0.9856
0.986
0.9856
0.9856
0.9845
0.9868
0.9881
0.9856
0.9862
0.9886
0.9896
0.9891
0.9913
0.9885
0.9883
0.9899
0.9914
0.991
0.9904
0.9919
0.9922
0.9922
0.9917
0.992
0.991
0.9917
0.9918
0.991
0.9924
0.9909
0.9913
0.991
