0.8246
0.8777
0.7881
0.8616
0.9084
0.9268
0.9351
0.9341
0.9106
0.9414
0.9479
0.9523
0.9444
0.9568
0.8969
0.9606
0.9502
0.9546
0.9613
0.957
0.9505
0.9519
0.9542
0.9477
0.9574
0.97
0.971
0.9686
0.9608
0.974
0.9744
0.9617
0.952
0.969
0.9724
0.9841
0.9873
0.9878
0.9893
0.9894
0.9903
0.9891
0.9913
0.9913
0.992
0.9923
0.9933
0.993
0.9938
0.9917
0.9946
0.9946
0.992
0.9941
0.9958
0.9942
0.9944
0.996
0.9943
0.9953
0.995
0.9964
0.9969
0.9966
0.995
0.9969
0.9937
0.9964
0.9972
0.9965
0.9974
0.9969
0.9968
0.9976
0.9971
0.9967
0.9978
0.9974
0.9977
0.9983
0.9974
0.998
0.9975
0.9977
0.9985
0.9984
0.9983
0.9981
0.9983
0.9976
0.9976
0.9984
0.9982
0.9985
0.9983
0.9978
0.997
0.9978
0.9978
0.9982
