0.69285
0.85645
0.87225
0.9163
0.9124
0.92885
0.90035
0.9276
0.9329
0.9161
0.91495
0.94585
0.94635
0.93215
0.93925
0.9159
0.91705
0.9542
0.95785
0.92475
0.9523
0.9509
0.9582
0.905
0.94885
0.9521
0.9583
0.94955
0.94905
0.96355
0.9467
0.9624
0.9703
0.969
0.9586
0.98245
0.985
0.9869
0.98885
0.9876
0.9887
0.98885
0.98935
0.98985
0.99
0.98965
0.9906
0.9914
0.9916
0.992
0.9929
0.99315
0.99255
0.9929
0.99245
0.9935
0.9941
0.99445
0.99465
0.99445
0.9954
0.99475
0.9946
0.9952
0.9949
0.99585
0.99635
0.99585
0.99615
0.9965
0.99665
0.99675
0.99715
0.9979
0.9973
0.99765
0.9977
0.99755
0.9967
0.9974
0.99815
0.99825
0.99815
0.99815
0.99795
0.9978
0.9975
0.99845
0.9976
0.9981
0.99775
0.99805
0.99795
0.9977
0.99785
0.99825
0.9977
0.9978
0.9983
0.99835
0.99865
0.99815
0.99835
0.99765
0.9982
0.998
0.99855
0.998
0.99845
0.99825
0.9978
0.99855
0.99875
0.99805
0.99855
0.9983
0.99845
0.99865
0.99775
0.99835
0.99835
0.9988
0.99835
0.9985
0.99835
0.9983
0.9987
0.999
0.9986
0.99895
0.99845
0.99865
0.99835
0.9983
0.99805
0.99855
0.99865
0.99885
0.99855
0.9987
0.9986
0.9981
0.99895
0.9986
0.99855
0.99835
0.9984
0.99845
0.99865
0.99835
