0.80045
0.8657
0.89455
0.88465
0.8952
0.8978
0.92545
0.9147
0.93005
0.9398
0.9105
0.93565
0.9375
0.9489
0.9515
0.95085
0.95135
0.9349
0.93415
0.95415
0.9356
0.9618
0.9534
0.96115
0.949
0.95335
0.96215
0.95515
0.9577
0.9669
0.96595
0.94645
0.9503
0.961
0.96365
0.9613
0.9635
0.96465
0.9733
0.94525
0.984
0.98715
0.98755
0.9875
0.98885
0.98925
0.98975
0.99005
0.99195
0.99085
0.9918
0.99235
0.993
0.99155
0.99385
0.99335
0.9926
0.99455
0.9936
0.9937
0.99445
0.9937
0.9948
0.99435
0.99455
0.99525
0.9947
0.9961
0.99515
0.99545
0.99645
0.99625
0.99595
0.9965
0.9965
0.99625
0.99675
0.9966
0.9966
0.99675
0.99745
0.99775
0.99775
0.9978
0.99785
0.998
0.99755
0.9978
0.998
0.99765
0.9986
0.99815
0.9986
0.99785
0.99825
0.99795
0.99795
0.998
0.99825
0.9979
