0.5623
0.58625
0.6566
0.66545
0.6926
0.73145
0.7517
0.74185
0.79685
0.7869
0.8035
0.7661
0.81325
0.83125
0.80265
0.82865
0.81675
0.8517
0.79545
0.8484
0.8496
0.83065
0.8673
0.8463
0.8562
0.86945
0.85325
0.87705
0.8555
0.8701
0.8874
0.87155
0.87745
0.88195
0.8656
0.8747
0.8822
0.87505
0.8923
0.8845
0.9326
0.9405
0.94085
0.9433
0.9453
0.94545
0.95145
0.95205
0.95375
0.957
0.95465
0.95795
0.9546
0.9584
0.96045
0.96
0.96055
0.9599
0.96175
0.96465
0.96545
0.9647
0.9638
0.9672
0.9679
0.96745
0.9693
0.96995
0.9705
0.9722
