0.7698
0.7847
0.8175
0.8512
0.853
0.871
0.8836
0.8945
0.883
0.904
0.8704
0.8724
0.9171
0.9037
0.9255
0.913
0.9368
0.9397
0.9288
0.9371
0.9478
0.9067
0.9442
0.9441
0.9417
0.9221
0.9141
0.9435
0.9506
0.9413
0.9617
0.9668
0.9542
0.9633
0.9473
0.9739
0.9767
0.9795
0.9817
0.9809
0.9842
0.9839
0.9836
0.9847
0.9857
0.9865
0.9863
0.9854
0.9876
0.986
0.9887
0.9885
0.9884
0.9885
0.989
0.9902
0.991
0.9898
0.9892
0.9897
0.9859
0.9914
0.9913
0.9883
0.991
0.9917
0.9921
0.9926
0.9919
0.9923
0.9919
0.993
0.9933
0.9928
0.9936
0.9951
0.9946
0.9933
0.9949
0.9942
0.995
0.9948
0.9933
0.9945
0.9942
0.9955
0.9956
0.9949
0.995
0.9951
0.9952
0.9942
0.9951
0.9935
0.994
0.9948
0.9941
0.9932
0.9954
0.9958
