0.8445
0.8626
0.8435
0.89
0.8866
0.8918
0.8817
0.8872
0.8887
0.9174
0.9076
0.9106
0.919
0.924
0.9229
0.9117
0.941
0.9441
0.9416
0.9213
0.9425
0.938
0.9392
0.939
0.9483
0.95
0.9424
0.9517
0.9268
0.948
0.9531
0.9568
0.9504
0.9536
0.9434
0.9694
0.9726
0.9713
0.9732
0.9749
0.9762
0.9774
0.9774
0.977
0.9783
0.9777
0.9769
0.9801
0.98
0.9805
0.9798
0.9799
0.9806
0.9826
0.9833
0.9828
0.9814
0.9842
0.9845
0.9825
0.9832
0.9852
0.9847
0.9864
0.9879
0.988
0.9866
0.9838
0.9849
0.9862
0.9874
0.9898
0.9903
0.9895
0.9898
0.989
0.9901
0.9902
0.9907
0.9893
0.9902
0.9923
0.9898
0.9892
0.9908
0.9912
0.9919
0.9907
0.9903
0.991
0.9897
0.9911
0.9918
0.9897
0.9907
0.991
0.9902
0.9908
0.9903
0.9901
0.9911
0.992
0.9914
0.9921
0.9917
0.9914
0.9913
0.9909
0.9913
0.9905
0.993
0.9908
0.9912
0.9915
0.992
0.9907
0.992
0.9905
0.9911
0.9917
0.9912
0.9919
0.9914
0.9906
0.9916
0.9919
0.9908
0.9902
0.9904
0.9918
0.9907
0.9926
0.9899
0.9914
0.9926
0.9923
0.9922
0.9911
0.9916
0.9913
0.9917
0.9912
0.9916
0.9921
0.9924
0.9911
0.9918
0.9913
0.9909
0.9918
