0.8964
0.9072
0.9215
0.9266
0.9417
0.9392
0.9456
0.9465
0.9233
0.9569
0.9565
0.9487
0.9645
0.9653
0.9658
0.9748
0.9622
0.9716
0.9744
0.9767
0.9727
0.9735
0.9771
0.9773
0.962
0.9701
0.9804
0.9762
0.9813
0.9761
0.9814
0.9704
0.9787
0.9809
0.9793
0.9895
0.9896
0.9921
0.9922
0.9914
0.9926
0.9935
0.9938
0.9933
0.9933
0.9947
0.9939
0.9944
0.9955
0.995
0.9959
0.9956
0.9954
0.9959
0.9957
0.9968
0.9957
0.9963
0.9957
0.9965
0.9966
0.9961
0.9963
0.9953
0.9959
0.9978
0.9964
0.9969
0.9972
0.9964
0.9969
0.9982
0.9978
0.9973
0.9966
0.9965
0.9974
0.9973
0.9976
0.9978
0.9978
0.9977
0.998
0.9978
0.9979
0.9984
0.9981
0.9972
0.9986
0.9979
0.9979
0.9981
0.9974
0.9984
0.9981
0.998
0.9982
0.9977
0.9978
0.9982
