0.57095
0.5457
0.64295
0.63585
0.70325
0.71675
0.6853
0.7701
0.6999
0.77785
0.7933
0.75825
0.8205
0.831
0.7585
0.81875
0.7989
0.81035
0.81605
0.8406
0.85105
0.84115
0.85335
0.8255
0.86495
0.83465
0.8699
0.868
0.79695
0.864
0.87815
0.8584
0.87995
0.87345
0.8898
0.92655
0.93165
0.9349
0.93645
0.93845
0.94035
0.9424
0.94515
0.9456
0.9457
0.94915
0.95015
0.95035
0.9535
0.953
0.95395
0.95325
0.9563
0.9564
0.9584
0.9587
0.9612
0.9604
0.96035
0.96415
0.96355
0.96275
0.9648
0.96505
0.96445
0.9682
0.9675
0.96785
0.9705
0.9708
0.97445
0.97745
0.97725
0.97695
0.9786
0.98
0.97725
0.97895
0.9796
0.9792
0.9784
0.9792
0.98045
0.9807
0.9803
0.9816
0.9804
0.98195
0.98005
0.98155
0.98125
0.98075
0.98225
0.98105
0.9822
0.98415
0.98135
0.98085
0.983
0.98165
0.9829
0.9819
0.9829
0.98395
0.98335
0.98425
0.98355
0.98445
0.98355
0.98225
0.9833
0.9829
0.9824
0.98475
0.98325
0.9842
0.98565
0.9836
0.98495
0.98335
0.98175
0.98535
0.9841
0.98435
0.9838
0.98345
0.98365
0.98335
0.98305
0.98365
0.98425
0.985
0.9829
0.98495
0.9836
0.9831
0.9848
0.9842
0.98525
0.9856
0.98635
0.9836
0.9832
0.985
0.9846
0.98485
0.9821
0.9849
0.98505
0.9858
