0.812
0.8434
0.8214
0.8386
0.8675
0.8384
0.8838
0.8874
0.8717
0.8553
0.8898
0.9143
0.8934
0.9163
0.9249
0.9133
0.9273
0.9167
0.9345
0.9305
0.9361
0.9346
0.9327
0.9195
0.9466
0.94
0.9051
0.9399
0.9515
0.9438
0.9541
0.8184
0.9478
0.9532
0.946
0.972
0.972
0.9754
0.9761
0.9794
0.9773
0.9806
0.9799
0.9776
0.9813
0.9796
0.9827
0.9824
0.9832
0.9825
0.983
0.9824
0.9843
0.9854
0.984
0.985
0.9831
0.9849
0.986
0.9861
0.9863
0.9868
0.9891
0.9873
0.9873
0.988
0.9908
0.9886
0.9902
0.9912
0.9894
0.9929
0.9913
0.9916
0.9925
0.9926
0.9921
0.9931
0.9901
0.9926
0.9923
0.9936
0.993
0.9915
0.9915
0.9923
0.9926
0.9932
0.9919
0.9932
0.9916
0.9925
0.9931
0.9929
0.9933
0.9935
0.9926
0.9943
0.9935
0.9949
