0.7723
0.7991
0.8219
0.8162
0.882
0.8981
0.8764
0.8965
0.9041
0.8463
0.9242
0.9291
0.9193
0.933
0.9197
0.937
0.9444
0.9261
0.9345
0.9161
0.9469
0.9223
0.9512
0.958
0.9617
0.9569
0.9476
0.9575
0.9608
0.9535
0.9461
0.956
0.9664
0.9687
0.9545
0.9592
0.9463
0.9587
0.9404
0.9656
0.9832
0.9847
0.9857
0.9874
0.987
0.988
0.9868
0.9874
0.9892
0.9912
0.9894
0.9897
0.9928
0.9905
0.9908
0.9939
0.9922
0.9894
0.9922
0.9913
0.9922
0.993
0.9924
0.9922
0.9941
0.9936
0.9928
0.9927
0.9942
0.9931
0.9932
0.9951
0.9939
0.9943
0.994
0.9937
0.9953
0.9963
0.9954
0.9922
0.9962
0.9973
0.9961
0.9965
0.9964
0.9971
0.997
0.9973
0.9975
0.9969
0.9953
0.9961
0.9964
0.9976
0.9967
0.997
0.9972
0.9971
0.9959
0.9972
