0.8044
0.823
0.8563
0.8637
0.8705
0.8762
0.9019
0.8952
0.9104
0.8842
0.9167
0.9206
0.9143
0.9046
0.9235
0.9376
0.922
0.906
0.9277
0.9056
0.9437
0.9377
0.9345
0.9325
0.9443
0.9472
0.934
0.9445
0.9511
0.9476
0.9166
0.9598
0.9608
0.9434
0.9608
0.9716
0.9763
0.9741
0.9789
0.9785
0.9806
0.9777
0.9809
0.9824
0.983
0.9815
0.9846
0.9834
0.9843
0.9831
0.9848
0.9831
0.9861
0.9858
0.9859
0.9861
0.9863
0.9865
0.9868
0.9866
0.9873
0.9811
0.9868
0.9887
0.9887
0.9888
0.9889
0.988
0.9882
0.9895
0.9901
0.9903
0.9911
0.991
0.9921
0.9911
0.9923
0.9909
0.9905
0.9914
0.9916
0.9923
0.9924
0.9926
0.9919
0.9925
0.993
0.9928
0.9929
0.9922
0.9925
0.9935
0.9935
0.9934
0.9936
0.9926
0.9932
0.9935
0.9934
0.9927
