0.8995
0.8952
0.8782
0.9065
0.9409
0.9166
0.9191
0.9412
0.9266
0.9596
0.952
0.9535
0.9574
0.9656
0.9657
0.945
0.9706
0.9729
0.9664
0.9501
0.9758
0.9756
0.9764
0.9779
0.9737
0.9543
0.9735
0.9733
0.9686
0.9681
0.9836
0.9827
0.9745
0.9808
0.9811
0.9901
0.9916
0.9923
0.9929
0.9931
0.9925
0.9938
0.9951
0.9935
0.9946
0.9936
0.9952
0.9951
0.9941
0.9956
0.9937
0.9948
0.9959
0.9958
0.9957
0.9964
0.9953
0.9963
0.9959
0.9959
0.9957
0.9962
0.9967
0.997
0.9963
0.9973
0.9971
0.997
0.9958
0.9973
0.9962
0.9976
0.9975
0.9974
0.9969
0.9978
0.9975
0.9982
0.9983
0.9978
0.9978
0.9975
0.9973
0.998
0.9974
0.9982
0.9976
0.9978
0.9983
0.9977
0.9972
0.9978
0.9979
0.9988
0.9977
0.9978
0.9981
0.9981
0.9979
0.9979
