0.8309
0.9135
0.929
0.932
0.9481
0.9527
0.947
0.941
0.9649
0.9694
0.9758
0.9789
0.9696
0.9593
0.9803
0.9767
0.9814
0.9845
0.9847
0.9773
0.9871
0.9867
0.9846
0.9688
0.983
0.9872
0.9846
0.9868
0.9815
0.981
0.9847
0.9916
0.992
0.9816
0.9878
0.9926
0.9958
0.9961
0.9944
0.9961
0.9967
0.9967
0.996
0.9971
0.9963
0.9966
0.9981
0.9973
0.9972
0.9986
0.9976
0.9982
0.9978
0.9987
0.9981
0.999
0.9992
0.9984
0.9986
0.9987
0.9988
0.9983
0.9984
0.9989
0.9989
0.9987
0.9992
0.9996
0.9991
0.9986
0.9984
0.9988
0.9994
0.9994
0.999
0.9989
0.9993
0.9992
0.9993
0.9992
0.9989
0.9991
0.9992
0.9996
0.9996
0.9994
0.9996
0.9993
0.9993
0.9997
0.9997
0.9995
0.9993
0.9994
0.9998
0.9993
0.9995
0.9995
0.9989
0.9996
