0.911
0.9347
0.9528
0.9558
0.9607
0.9674
0.9776
0.9761
0.9755
0.9763
0.9668
0.982
0.9812
0.9837
0.9847
0.9811
0.9872
0.9848
0.9882
0.9874
0.9917
0.9881
0.9904
0.9902
0.9899
0.9824
0.9902
0.9897
0.99
0.9919
0.9819
0.9922
0.9912
0.9924
0.9906
0.9956
0.9962
0.9956
0.9966
0.9975
0.9969
0.9977
0.9977
0.9982
0.9983
0.9982
0.9968
0.9979
0.9983
0.9978
0.9987
0.9987
0.9983
0.9988
0.9984
0.9983
0.9982
0.9986
0.9989
0.9986
0.9989
0.9989
0.9987
0.9985
0.9988
0.9994
0.9987
0.9991
0.9994
0.9987
0.999
0.9992
0.9996
0.9993
0.9994
0.9992
0.9994
0.9995
0.9992
0.9992
0.9994
0.9991
0.9995
0.9994
0.9995
0.9996
0.9989
0.9994
0.9996
0.9994
0.9988
0.9996
0.9992
0.9993
0.9995
0.9992
0.9996
0.9992
0.999
0.9994
