0.7504
0.7714
0.7919
0.789
0.7993
0.8278
0.8318
0.8169
0.8621
0.8621
0.8785
0.8711
0.8509
0.8762
0.8535
0.8923
0.8865
0.8522
0.9081
0.9089
0.8867
0.9128
0.9067
0.9197
0.9277
0.9037
0.9228
0.9282
0.9198
0.9251
0.8967
0.8928
0.8986
0.937
0.9296
0.9566
0.9617
0.9607
0.9656
0.9661
0.9662
0.9647
0.9702
0.9687
0.9686
0.97
0.9721
0.9689
0.9724
0.9742
0.9743
0.9756
0.9751
0.9755
0.9787
0.9761
0.9759
0.9762
0.9762
0.9788
0.9762
0.9775
0.9797
0.9795
0.9786
0.9822
0.9757
0.9828
0.9813
0.981
0.9822
0.9856
0.9867
0.9854
0.9864
0.9867
0.986
0.9853
0.9873
0.9847
0.9875
0.9853
0.9841
0.9868
0.988
0.9863
0.9838
0.9858
0.9854
0.987
0.9874
0.9879
0.9861
0.9861
0.988
0.9863
0.9891
0.9897
0.9864
0.9866
