0.5324666666666666
0.5826
0.6889333333333333
0.7410666666666667
0.7624666666666666
0.7732666666666667
0.794
0.8011333333333334
0.7963333333333333
0.8292
0.822
0.8449333333333333
0.8479333333333333
0.8494
0.8286
0.8636666666666667
0.8513333333333334
0.8844666666666666
0.8781333333333333
0.8778
0.8942666666666667
0.8972
0.8786666666666667
0.9100666666666667
0.8931333333333333
0.8978
0.9066
0.8765333333333334
0.9126
0.8626
0.9150666666666667
0.9005333333333333
0.9049333333333334
0.9132666666666667
0.9043333333333333
0.9531333333333334
0.9595333333333333
0.9605333333333334
0.9616666666666667
0.9632666666666667
0.9666666666666667
0.9675333333333334
0.9675333333333334
0.9695333333333334
0.968
0.9697333333333333
0.9717333333333333
0.9758
0.9754
0.9745333333333334
0.9769333333333333
0.9764
0.9738666666666667
0.9764666666666667
0.9784666666666667
0.979
0.98
0.9797333333333333
0.9811333333333333
0.9808666666666667
0.9799333333333333
0.9821333333333333
0.983
0.9827333333333333
0.9836
0.9841333333333333
0.9831333333333333
0.9864
0.9838
0.9856
0.9867333333333334
0.9896666666666667
0.9879333333333333
0.9896666666666667
0.9868666666666667
0.9897333333333334
0.9904
0.99
0.9902
0.9895333333333334
0.9906666666666667
0.9907333333333334
0.9896
0.9902666666666666
0.9901333333333333
0.9906
0.9901333333333333
0.991
0.9907333333333334
0.9906
0.9922
0.9916666666666667
0.9918
0.9902666666666666
0.9918
0.9904
0.9904
0.9911333333333333
0.9918666666666667
0.9906666666666667
