0.7952666666666667
0.8420666666666666
0.8382
0.8826666666666667
0.8810666666666667
0.9055333333333333
0.8919333333333334
0.9196
0.9238666666666666
0.9274
0.9332
0.9387333333333333
0.9380666666666667
0.9385333333333333
0.9448666666666666
0.9403333333333334
0.9439333333333333
0.9458
0.9500666666666666
0.9517333333333333
0.9518666666666666
0.9540666666666666
0.9602666666666667
0.957
0.9574
0.9587333333333333
0.9478
0.9344
0.9603333333333334
0.9588666666666666
0.9612666666666667
0.9584
0.9618666666666666
0.9628
0.9593333333333334
0.9777333333333333
0.9806
0.9816666666666667
0.9842
0.9853333333333333
0.9835333333333334
0.985
0.9852666666666666
0.9852
0.9855333333333334
0.9874666666666667
0.9874666666666667
0.988
0.9874666666666667
0.9882
0.9907333333333334
0.9898666666666667
0.9892666666666666
0.9898
0.991
0.9903333333333333
0.9912
0.9922
0.9910666666666667
0.9904666666666667
0.9898
0.9907333333333334
0.9934666666666667
0.9929333333333333
0.9926
0.993
0.9927333333333334
0.9930666666666667
0.9936
0.9942666666666666
0.9937333333333334
0.9944666666666667
0.9943333333333333
0.9954666666666667
0.9946666666666667
0.9958666666666667
0.9945333333333334
0.9953333333333333
0.9958
0.9958666666666667
0.9952
0.9959333333333333
0.9957333333333334
0.996
0.9958
0.995
0.9956666666666667
0.9961333333333333
0.9962
0.9962
0.9954666666666667
0.9959333333333333
0.9961333333333333
0.9966666666666667
0.9954666666666667
0.9966666666666667
0.9960666666666667
0.9966666666666667
0.9956666666666667
0.9958
