0.80145
0.8749
0.83375
0.8595
0.9074
0.9377
0.92895
0.92555
0.94705
0.94955
0.9485
0.95155
0.9568
0.9486
0.9574
0.94775
0.95305
0.96055
0.95635
0.94285
0.9689
0.965
0.9703
0.9536
0.9679
0.9512
0.9632
0.9692
0.9717
0.9697
0.97245
0.96955
0.96205
0.97595
0.97365
0.9882
0.9889
0.99175
0.9912
0.99165
0.9932
0.99325
0.99265
0.9928
0.9937
0.9945
0.99475
0.99495
0.99455
0.99435
0.99555
0.9946
0.9965
0.99625
0.9955
0.99615
0.99645
0.99685
0.9967
0.9973
0.9965
0.9968
0.9975
0.9978
0.99715
0.997
0.9971
0.99635
0.99795
0.9981
0.9973
0.9984
0.9983
0.99875
0.99885
0.99825
0.99825
0.99845
0.99805
0.9983
0.9989
0.99865
0.99845
0.9984
0.9988
0.9989
0.99895
0.9983
0.9989
0.9987
0.99895
0.9988
0.99845
0.99875
0.9989
0.9986
0.99895
0.99915
0.99875
0.99895
