0.6526
0.6656
0.73915
0.73875
0.7872
0.828
0.8267
0.8488
0.8544
0.87045
0.88615
0.864
0.87705
0.8796
0.8877
0.88075
0.90015
0.89925
0.90895
0.8929
0.92005
0.9214
0.92205
0.93105
0.93295
0.8879
0.93135
0.926
0.933
0.9273
0.90955
0.9261
0.94105
0.9399
0.9352
0.9664
0.97005
0.97215
0.9731
0.9737
0.97425
0.978
0.97815
0.9786
0.9789
0.98155
0.98065
0.98175
0.9816
0.98335
0.9828
0.9828
0.98385
0.9852
0.9857
0.98335
0.98515
0.98655
0.9869
0.9874
0.9868
0.98765
0.98795
0.9883
0.98995
0.98865
0.98895
0.98935
0.98925
0.9904
0.99235
0.9927
0.9932
0.9928
0.99305
0.9943
0.9935
0.9929
0.9935
0.9945
0.994
0.9948
0.9935
0.9939
0.99575
0.9941
0.994
0.9936
0.99485
0.9949
0.99435
0.9949
0.99495
0.995
0.99435
0.99505
0.99475
0.99475
0.9948
0.99315
