0.7751333333333333
0.768
0.8291333333333334
0.835
0.8412666666666667
0.8394
0.86
0.8712666666666666
0.8879333333333334
0.8829333333333333
0.8886
0.9150666666666667
0.9062
0.9118666666666667
0.9141333333333334
0.8780666666666667
0.9209333333333334
0.9331333333333334
0.9262
0.9199333333333334
0.9303333333333333
0.9372666666666667
0.9398666666666666
0.9372
0.9396666666666667
0.9464666666666667
0.9434666666666667
0.9360666666666667
0.9406
0.9412666666666667
0.9344
0.9425333333333333
0.9521333333333334
0.9324
0.9518
0.9734666666666667
0.9732
0.9759333333333333
0.9767333333333333
0.9782666666666666
0.9789333333333333
0.9787333333333333
0.9793333333333333
0.9797333333333333
0.9818666666666667
0.9836
0.9821333333333333
0.9835333333333334
0.9836666666666667
0.9844
0.986
0.9838666666666667
0.9850666666666666
0.986
0.9855333333333334
0.9868
0.9864666666666667
0.9875333333333334
0.9876
0.9849333333333333
0.987
0.9871333333333333
0.9884
0.9876666666666667
0.9894
0.9898
0.9898666666666667
0.9896
0.9896666666666667
0.9906666666666667
0.9916
0.9922666666666666
0.9933333333333333
0.9938
0.9928
0.9934666666666667
0.9928666666666667
0.9940666666666667
0.9929333333333333
0.9941333333333333
0.9932666666666666
0.9934666666666667
0.9944666666666667
0.9942
0.994
0.9938666666666667
0.9945333333333334
0.9944
0.9950666666666667
0.9932666666666666
0.9938
0.9938666666666667
0.9949333333333333
0.995
0.9954666666666667
0.9947333333333334
0.9935333333333334
0.9946666666666667
0.9928
0.9938666666666667
