0.8836
0.8964
0.8962
0.9267
0.8962
0.9307
0.9144
0.9484
0.9454
0.9397
0.9559
0.9505
0.9583
0.9626
0.9491
0.9564
0.9493
0.9585
0.9682
0.9645
0.9689
0.9712
0.97
0.9405
0.9582
0.9596
0.9756
0.9732
0.9729
0.972
0.9685
0.8976
0.9756
0.9712
0.9741
0.9873
0.99
0.9883
0.9908
0.9915
0.9905
0.9919
0.9926
0.9908
0.9914
0.9924
0.9927
0.9944
0.9931
0.9941
0.9937
0.9945
0.9956
0.9952
0.9924
0.9952
0.9951
0.9946
0.9955
0.9949
0.9951
0.9953
0.9962
0.9962
0.9945
0.9949
0.9957
0.9961
0.9962
0.9966
0.9965
0.9968
0.9974
0.9966
0.9963
0.9969
0.9977
0.9977
0.9974
0.9975
0.9974
0.9977
0.9964
0.9964
0.9973
0.9978
0.9975
0.998
0.9975
0.9971
0.9979
0.9979
0.9972
0.9972
0.9981
0.9981
0.9978
0.9976
0.9974
0.998
