0.7319333333333333
0.7798666666666667
0.7604666666666666
0.865
0.8530666666666666
0.8765333333333334
0.8594666666666667
0.8886666666666667
0.8943333333333333
0.9118666666666667
0.9334666666666667
0.9162666666666667
0.9175333333333333
0.9356
0.9206666666666666
0.9211333333333334
0.9306666666666666
0.9420666666666667
0.9377333333333333
0.9243333333333333
0.9448
0.9460666666666666
0.9262
0.9409333333333333
0.9516666666666667
0.9515333333333333
0.9562666666666667
0.9544666666666667
0.9556
0.9337333333333333
0.9554
0.9477333333333333
0.9628
0.9618
0.9536
0.98
0.9801333333333333
0.9818666666666667
0.9836
0.9844666666666667
0.9854
0.9851333333333333
0.9866
0.9874
0.9886666666666667
0.9878666666666667
0.9875333333333334
0.9896666666666667
0.9884
0.99
0.9898
0.991
0.9906666666666667
0.9902
0.9913333333333333
0.9914
0.9908666666666667
0.9907333333333334
0.9932
0.9921333333333333
0.9926666666666667
0.9932
0.9930666666666667
0.9936666666666667
0.9920666666666667
0.9928
0.9937333333333334
0.9936
0.9943333333333333
0.9938666666666667
0.9944666666666667
0.9956
0.9952666666666666
0.9949333333333333
0.9950666666666667
0.9944666666666667
0.9948666666666667
0.9949333333333333
0.9959333333333333
0.9951333333333333
0.9962
0.9959333333333333
0.9962
0.9967333333333334
0.9962
0.9959333333333333
0.9969333333333333
0.9961333333333333
0.9956
0.9963333333333333
0.9963333333333333
0.9971333333333333
0.9965333333333334
0.9971333333333333
0.9962
0.9967333333333334
0.9965333333333334
0.9969333333333333
0.9963333333333333
0.9964
