0.7591333333333333
0.8487333333333333
0.8686666666666667
0.8847333333333334
0.9061333333333333
0.9042
0.9013333333333333
0.8283333333333334
0.9318666666666666
0.9060666666666667
0.9298666666666666
0.9378666666666666
0.9293333333333333
0.9488666666666666
0.9154
0.9479333333333333
0.9544
0.9365333333333333
0.9539333333333333
0.9576
0.9314666666666667
0.9550666666666666
0.9583333333333334
0.9496666666666667
0.9583333333333334
0.9619333333333333
0.9225333333333333
0.9632
0.961
0.9592666666666667
0.9384
0.9667333333333333
0.9641333333333333
0.9432666666666667
0.9304
0.9818
0.9848666666666667
0.9842666666666666
0.9854
0.9877333333333334
0.9859333333333333
0.9860666666666666
0.9881333333333333
0.9888666666666667
0.9892
0.9888666666666667
0.9904
0.9898666666666667
0.9905333333333334
0.9907333333333334
0.9912
0.9912
0.9906
0.9917333333333334
0.9923333333333333
0.9926
0.9931333333333333
0.9924666666666667
0.9936
0.9936666666666667
0.9924
0.9939333333333333
0.9922
0.9946
0.995
0.9930666666666667
0.9953333333333333
0.9942
0.995
0.9942666666666666
0.9966
0.9960666666666667
0.9964666666666666
0.9969333333333333
0.9973333333333333
0.996
0.9961333333333333
0.9976
0.9966
0.9962
0.9965333333333334
0.9958666666666667
0.9965333333333334
0.9962
0.9966
0.9964666666666666
0.9971333333333333
0.9972666666666666
0.9965333333333334
0.9966
0.9976666666666667
0.9972666666666666
0.9968666666666667
0.9974
0.9978
0.9969333333333333
0.9970666666666667
0.9974666666666666
0.9970666666666667
0.9976666666666667
