0.74265
0.81695
0.84195
0.86625
0.8691
0.90715
0.9047
0.8904
0.91565
0.9208
0.9192
0.9071
0.90945
0.92235
0.91885
0.93745
0.9022
0.93575
0.9289
0.9381
0.93215
0.95205
0.95295
0.92875
0.94275
0.94775
0.94605
0.9433
0.95675
0.95955
0.9475
0.94875
0.94885
0.9598
0.95295
0.97785
0.9815
0.983
0.9844
0.9856
0.98625
0.98645
0.98805
0.9893
0.9879
0.9896
0.991
0.9897
0.9903
0.9911
0.991
0.9919
0.9927
0.9926
0.9926
0.99225
0.9933
0.99425
0.9923
0.9934
0.9934
0.99385
0.9944
0.99455
0.9953
0.9954
0.9947
0.9958
0.99515
0.99635
0.99615
0.9966
0.9974
0.99665
0.99705
0.99655
0.99705
0.99705
0.997
0.9968
0.9967
0.9975
0.99635
0.9979
0.9974
0.99715
0.99695
0.9975
0.99715
0.99755
0.99705
0.9969
0.99795
0.9974
0.998
0.9972
0.99785
0.99725
0.99755
0.99655
