0.732
0.8027
0.8525
0.8652
0.8049
0.8866
0.9009
0.9076
0.8994
0.8991
0.9119
0.9037
0.9245
0.9427
0.9058
0.9169
0.9343
0.9048
0.8898
0.9305
0.9403
0.9476
0.9504
0.9452
0.9499
0.9497
0.9469
0.9254
0.9484
0.9549
0.9521
0.9524
0.946
0.9585
0.9569
0.9716
0.9743
0.9785
0.9787
0.9776
0.9787
0.9817
0.9828
0.9807
0.9804
0.9829
0.9839
0.9846
0.9855
0.9829
0.9857
0.9833
0.9839
0.9854
0.9865
0.9863
0.9877
0.9898
0.986
0.9872
0.9894
0.9877
0.9885
0.9915
0.9908
0.9892
0.9901
0.9909
0.9895
0.9909
0.9897
0.9935
0.9932
0.9931
0.993
0.9923
0.9925
0.9908
0.994
0.9937
0.9943
0.9936
0.9921
0.9928
0.9945
0.9947
0.9946
0.994
0.9943
0.9946
0.9939
0.9946
0.9935
0.994
0.9949
0.9944
0.9934
0.9935
0.9945
0.9938
