0.51865
0.62505
0.6672
0.6916
0.71665
0.72875
0.74405
0.7687
0.7579
0.815
0.8066
0.8087
0.8263
0.81285
0.8386
0.8308
0.8371
0.85265
0.842
0.8533
0.85295
0.8453
0.8543
0.8733
0.8832
0.8727
0.8661
0.8824
0.88375
0.89165
0.87095
0.8532
0.87165
0.87865
0.87955
0.92965
0.9382
0.94245
0.94295
0.944
0.9454
0.949
0.95005
0.953
0.9514
0.9519
0.95185
0.9565
0.9561
0.956
0.95845
0.95585
0.9606
0.9637
0.96495
0.96375
0.9674
0.96635
0.96545
0.9648
0.96805
0.96975
0.96775
0.9682
0.97275
0.97165
0.9717
0.97335
0.9743
0.9739
0.97775
0.98145
0.9785
0.981
0.98025
0.98125
0.9818
0.9819
0.9835
0.9832
0.98315
0.98525
0.98375
0.9814
0.98315
0.9834
0.9831
0.9836
0.98385
0.9851
0.9839
0.98475
0.9859
0.98445
0.98575
0.9829
0.98655
0.98655
0.9843
0.98665
