0.66155
0.7028
0.6847
0.7448
0.81665
0.74045
0.84565
0.85115
0.8374
0.84855
0.85305
0.87965
0.88205
0.87925
0.87025
0.87495
0.90995
0.89815
0.9134
0.90805
0.91135
0.9069
0.9213
0.9245
0.92545
0.9229
0.9201
0.90355
0.91805
0.877
0.93365
0.9299
0.9342
0.92025
0.9316
0.96725
0.96935
0.97245
0.97345
0.9757
0.9771
0.97695
0.9779
0.97825
0.981
0.98065
0.98135
0.9808
0.9819
0.9835
0.9846
0.984
0.98455
0.98485
0.98705
0.98585
0.98575
0.9872
0.98665
0.9876
0.98775
0.9889
0.9883
0.99025
0.9898
0.99065
0.98935
0.99035
0.9899
0.98875
0.9934
0.99465
0.9935
0.99245
0.9947
0.9941
0.99435
0.9948
0.9947
0.9945
0.995
0.99485
0.99495
0.9944
0.9951
0.99545
0.99555
0.9944
0.9942
0.9957
0.99575
0.9955
0.9962
0.99615
0.9946
0.9957
0.9955
0.99565
0.99525
0.9958
