0.4531
0.5258
0.60955
0.626
0.62895
0.69415
0.71835
0.72845
0.73795
0.7213
0.787
0.7713
0.81025
0.79465
0.76565
0.7957
0.7734
0.79335
0.82805
0.83235
0.8344
0.8507
0.7579
0.81515
0.84825
0.85305
0.86315
0.8503
0.86395
0.84545
0.87005
0.81
0.8767
0.8744
0.8685
0.9253
0.9296
0.9325
0.9382
0.94005
0.9407
0.9423
0.94265
0.9483
0.9457
0.9483
0.95
0.9506
0.9522
0.951
0.955
0.95675
0.9593
0.9555
0.9601
0.96165
0.96115
0.9645
0.9609
0.96305
0.96575
0.96455
0.96475
0.964
0.9668
0.9641
0.9689
0.9675
0.9673
0.97005
0.97635
0.9754
0.97745
0.97825
0.9769
0.97775
0.97965
0.9802
0.9765
0.98015
0.9793
0.9798
0.97855
0.98045
0.98055
0.98045
0.98315
0.9803
0.98155
0.98145
0.9813
0.9826
0.98165
0.98235
0.98265
0.98095
0.98325
0.98335
0.98395
0.98205
