0.7912666666666667
0.8194
0.6798666666666666
0.7979333333333334
0.8581333333333333
0.8789333333333333
0.8627333333333334
0.8800666666666667
0.8698
0.8902
0.8405333333333334
0.842
0.8438
0.9138666666666667
0.8986
0.8666666666666667
0.9148666666666667
0.9117333333333333
0.92
0.8853333333333333
0.9390666666666667
0.9396666666666667
0.9430666666666667
0.9356
0.9295333333333333
0.9386666666666666
0.9319333333333333
0.9176
0.945
0.9470666666666666
0.9357333333333333
0.9352666666666667
0.9424
0.9488
0.9274
0.9738666666666667
0.9783333333333334
0.9780666666666666
0.9792
0.9788
0.9808
0.9824666666666667
0.9827333333333333
0.9832666666666666
0.9843333333333333
0.9844666666666667
0.9858666666666667
0.9858666666666667
0.986
0.9862666666666666
0.9876666666666667
0.9851333333333333
0.987
0.9886
0.9888666666666667
0.9888
0.9880666666666666
0.9904
0.9886
0.9894
0.9902
0.9912666666666666
0.9911333333333333
0.9902
0.9917333333333334
0.991
0.9917333333333334
0.9918
0.9922666666666666
0.9930666666666667
0.9934666666666667
0.9942666666666666
0.9946
0.9942666666666666
0.9953333333333333
0.9959333333333333
0.9946
0.996
0.9961333333333333
0.9948666666666667
0.9953333333333333
0.9944666666666667
0.996
0.9960666666666667
0.9964666666666666
0.9961333333333333
0.9954666666666667
0.9960666666666667
0.9953333333333333
0.9965333333333334
0.9960666666666667
0.9961333333333333
0.9961333333333333
0.9960666666666667
0.9968
0.9961333333333333
0.9966
0.9958
0.9955333333333334
0.9962666666666666
