0.7654
0.8117
0.7998
0.8377
0.8272
0.8614
0.855
0.8812
0.8687
0.8847
0.8811
0.8888
0.9123
0.9063
0.918
0.9115
0.89
0.9125
0.9153
0.9005
0.9293
0.9261
0.9321
0.914
0.9137
0.9292
0.9225
0.9391
0.9297
0.9402
0.94
0.9413
0.9439
0.9518
0.9211
0.9656
0.9689
0.9709
0.9711
0.9721
0.97
0.9755
0.9747
0.9766
0.9752
0.9766
0.9794
0.9792
0.9799
0.9792
0.9804
0.9826
0.9789
0.9809
0.9816
0.9807
0.9851
0.9825
0.9839
0.9844
0.9833
0.9854
0.9847
0.9777
0.9859
0.9818
0.9847
0.9865
0.9865
0.9887
0.9876
0.9888
0.9892
0.9913
0.9891
0.9903
0.9893
0.9897
0.9916
0.9895
0.9904
0.9914
0.9902
0.9906
0.9903
0.9909
0.9911
0.9913
0.9901
0.9909
0.9921
0.9926
0.991
0.9916
0.9902
0.9931
0.9914
0.9912
0.9917
0.99
