0.7806
0.8734
0.917
0.9233
0.9185
0.9355
0.9103
0.9334
0.9216
0.9222
0.9418
0.9448
0.9472
0.9455
0.9183
0.9269
0.9557
0.9526
0.9377
0.961
0.9643
0.9649
0.9596
0.9707
0.9669
0.9644
0.9703
0.9568
0.9644
0.9667
0.9377
0.9645
0.9707
0.9728
0.9678
0.9831
0.9865
0.9875
0.9881
0.9891
0.9891
0.9885
0.991
0.99
0.9881
0.9908
0.991
0.9923
0.9907
0.9904
0.9924
0.994
0.9917
0.994
0.9932
0.9929
0.9915
0.9935
0.9931
0.9951
0.9945
0.995
0.9942
0.9954
0.995
0.9944
0.9951
0.995
0.9952
0.9955
0.9973
0.9963
0.9966
0.9972
0.9977
0.9974
0.9976
0.9967
0.9971
0.9972
0.9967
0.9973
0.9974
0.9975
0.9975
0.9975
0.9976
0.9972
0.9982
0.9979
0.998
0.9973
0.9974
0.9971
0.9982
0.9983
0.9978
0.9981
0.9981
0.9981
