0.7167
0.80395
0.85235
0.87985
0.8491
0.8998
0.86925
0.84905
0.88255
0.88565
0.85745
0.8923
0.90005
0.9275
0.9303
0.9378
0.9306
0.92425
0.93685
0.9347
0.94255
0.943
0.9241
0.95245
0.949
0.9489
0.9124
0.94825
0.94715
0.95175
0.955
0.9546
0.9603
0.9243
0.9273
0.97805
0.9807
0.9827
0.98375
0.9842
0.9849
0.98545
0.98725
0.98605
0.98825
0.98795
0.98675
0.9886
0.98805
0.98865
0.99005
0.9895
0.9905
0.9906
0.99075
0.9912
0.99275
0.99095
0.99245
0.99345
0.9938
0.99215
0.9942
0.99375
0.99405
0.99525
0.99385
0.99275
0.99325
0.9949
0.9956
0.99625
0.99665
0.99605
0.9965
0.997
0.997
0.99755
0.997
0.99725
0.997
0.99705
0.9971
0.9972
0.9973
0.99755
0.99735
0.99675
0.99795
0.9977
0.9974
0.997
0.99725
0.997
0.99785
0.99735
0.99755
0.9976
0.99765
0.9978
