0.852
0.8887333333333334
0.9158666666666667
0.9092666666666667
0.9394
0.9475333333333333
0.8848
0.933
0.9086666666666666
0.897
0.9562666666666667
0.963
0.9237333333333333
0.9670666666666666
0.9600666666666666
0.9678
0.9662
0.9694
0.9546666666666667
0.9692666666666667
0.9706666666666667
0.9750666666666666
0.9621333333333333
0.976
0.9764
0.9764
0.9591333333333333
0.9754
0.9790666666666666
0.9695333333333334
0.9777333333333333
0.9683333333333334
0.9791333333333333
0.9724666666666667
0.9837333333333333
0.9913333333333333
0.9926
0.9939333333333333
0.9938666666666667
0.9919333333333333
0.9930666666666667
0.9944
0.9950666666666667
0.9952666666666666
0.9953333333333333
0.9957333333333334
0.996
0.9954666666666667
0.9953333333333333
0.9958666666666667
0.9969333333333333
0.9966666666666667
0.9956666666666667
0.996
0.9958666666666667
0.9968666666666667
0.9970666666666667
0.9978
0.9971333333333333
0.997
0.9978
0.9976666666666667
0.9971333333333333
0.998
0.9972
0.9975333333333334
0.9968666666666667
0.9984666666666666
0.9981333333333333
0.9978666666666667
0.9986666666666667
0.9986666666666667
0.9984
0.9981333333333333
0.9987333333333334
0.9986
0.9986666666666667
0.9986666666666667
0.9986
0.9988666666666667
0.9989333333333333
0.9991333333333333
0.9984
0.9989333333333333
0.9992
0.9983333333333333
0.9988666666666667
0.9985333333333334
0.9989333333333333
0.999
0.999
0.9994666666666666
0.9986666666666667
0.9988666666666667
0.9989333333333333
0.9992
0.9988
0.999
0.999
0.9992
