0.6617
0.7465
0.7743
0.79
0.75315
0.848
0.8496
0.87835
0.8503
0.87695
0.889
0.89865
0.8979
0.8723
0.87135
0.9132
0.90555
0.9022
0.8983
0.8939
0.90695
0.917
0.92115
0.9251
0.9137
0.92605
0.91815
0.92885
0.93595
0.9277
0.9261
0.94005
0.92985
0.9293
0.9403
0.965
0.9648
0.96975
0.97175
0.97175
0.9712
0.9751
0.97555
0.9743
0.97825
0.9761
0.97825
0.97905
0.97865
0.97815
0.98055
0.97965
0.9805
0.98255
0.98285
0.9836
0.98405
0.9837
0.9844
0.9835
0.9842
0.98565
0.9845
0.98565
0.98555
0.986
0.98765
0.98555
0.9869
0.988
0.99075
0.9914
0.99165
0.9915
0.99045
0.99145
0.992
0.99235
0.99295
0.99285
0.9924
0.9927
0.9925
0.99235
0.99255
0.9933
0.993
0.99285
0.9928
0.99335
0.99265
0.9933
0.9928
0.99285
0.993
0.9938
0.9942
0.9945
0.9931
0.9935
