0.8835
0.9334
0.9424
0.9279
0.9591
0.9587
0.9652
0.9412
0.9439
0.9709
0.9609
0.9757
0.9488
0.9751
0.9765
0.9791
0.9796
0.9771
0.9756
0.981
0.9718
0.9812
0.9855
0.9844
0.9831
0.9788
0.9862
0.9739
0.9849
0.9835
0.9676
0.9849
0.9839
0.9886
0.9784
0.9919
0.9938
0.9943
0.9949
0.9958
0.9959
0.9966
0.9965
0.9962
0.9969
0.9978
0.9973
0.9961
0.9985
0.9978
0.9981
0.998
0.9987
0.9984
0.9986
0.9977
0.9971
0.9982
0.9976
0.9973
0.9984
0.9987
0.9985
0.9991
0.9993
0.9985
0.9985
0.9991
0.9987
0.9982
0.999
0.9983
0.999
0.9989
0.9988
0.9985
0.999
0.999
0.999
0.9994
0.999
0.9993
0.9995
0.9988
0.9991
0.9992
0.9992
0.9995
0.9992
0.9989
0.9992
0.999
0.9994
0.9991
0.9989
0.9992
0.9993
0.9994
0.9992
0.9991
