0.61165
0.70395
0.82075
0.84585
0.8718
0.8776
0.888
0.8841
0.88625
0.90865
0.9161
0.89875
0.92055
0.86645
0.9249
0.9154
0.9278
0.92505
0.93615
0.94055
0.931
0.9446
0.9255
0.92085
0.92675
0.92035
0.93535
0.944
0.938
0.9498
0.94465
0.9451
0.9491
0.94925
0.9391
0.97385
0.97825
0.98065
0.9811
0.98155
0.98325
0.983
0.9839
0.98555
0.98545
0.9863
0.9867
0.98665
0.9879
0.9874
0.989
0.989
0.9885
0.991
0.98835
0.9899
0.99085
0.99075
0.98985
0.9911
0.992
0.99215
0.99145
0.9928
0.992
0.99285
0.99205
0.99295
0.9935
0.99395
0.9946
0.99485
0.9955
0.99515
0.9953
0.9951
0.99505
0.9955
0.9957
0.99525
0.99435
0.9953
0.99585
0.99555
0.9955
0.9953
0.9953
0.9957
0.9967
0.99705
0.9964
0.99625
0.9964
0.996
0.99605
0.99645
0.9968
0.9963
0.9963
0.9961
