0.7968
0.9151333333333334
0.9116666666666666
0.9383333333333334
0.9292
0.9394
0.9416
0.9096666666666666
0.9611333333333333
0.9624666666666667
0.9653333333333334
0.9598
0.972
0.9579333333333333
0.9645333333333334
0.9706
0.9445333333333333
0.9652
0.9767333333333333
0.9720666666666666
0.9667333333333333
0.9798
0.9702
0.9761333333333333
0.9760666666666666
0.9654666666666667
0.9785333333333334
0.9787333333333333
0.9687333333333333
0.9705333333333334
0.9742666666666666
0.9739333333333333
0.9846
0.9739333333333333
0.9847333333333333
0.9916666666666667
0.9925333333333334
0.994
0.995
0.9952
0.9963333333333333
0.9954666666666667
0.9954666666666667
0.9966
0.9968
0.9973333333333333
0.997
0.9966
0.9974
0.997
0.9972
0.9971333333333333
0.9973333333333333
0.9974
0.9971333333333333
0.9972666666666666
0.9970666666666667
0.9977333333333334
0.9973333333333333
0.998
0.9975333333333334
0.9981333333333333
0.9984
0.9986
0.9977333333333334
0.9983333333333333
0.9986
0.9988666666666667
0.9988666666666667
0.9987333333333334
0.9992
0.9990666666666667
0.9991333333333333
0.9990666666666667
0.9992666666666666
0.9989333333333333
0.9995333333333334
0.9994
0.999
0.9991333333333333
0.999
0.9990666666666667
0.9992
0.9992
0.9994
0.9992
0.9984666666666666
0.9991333333333333
0.9991333333333333
0.9991333333333333
0.9992666666666666
0.9992
0.9994
0.9994
0.9992666666666666
0.9990666666666667
0.9994
0.9993333333333333
0.9994666666666666
0.9997333333333334
