0.9387
0.9558
0.964
0.9486
0.9741
0.9754
0.9692
0.9729
0.9833
0.9628
0.9786
0.9723
0.9821
0.981
0.9639
0.9823
0.9724
0.9869
0.9895
0.9885
0.9905
0.9905
0.9873
0.9905
0.9862
0.9866
0.9809
0.9936
0.9915
0.9903
0.9928
0.991
0.9807
0.9907
0.9893
0.9959
0.9968
0.9971
0.998
0.9974
0.9977
0.9977
0.9982
0.9983
0.9981
0.9984
0.9984
0.998
0.9979
0.9987
0.9984
0.9988
0.9984
0.999
0.9988
0.9992
0.9987
0.9994
0.9993
0.9988
0.9993
0.9986
0.9994
0.999
0.9992
0.9993
0.9993
0.9992
0.9994
0.9993
0.9994
0.9991
0.9995
0.9993
0.9993
0.9994
0.9994
0.9995
0.999
0.9993
0.9996
0.9992
0.9991
0.9996
0.9993
0.9995
0.9996
0.9994
0.9994
0.9994
0.9993
0.9995
0.9996
0.9991
0.9997
0.9996
0.9992
0.9998
0.9995
0.9996
