0.7197333333333333
0.7196666666666667
0.764
0.8288666666666666
0.8112
0.8432
0.8653333333333333
0.8616666666666667
0.8896
0.9022
0.8804
0.8393333333333334
0.905
0.9165333333333333
0.9066
0.9220666666666667
0.9070666666666667
0.9147333333333333
0.927
0.9152666666666667
0.9052
0.9299333333333333
0.9191333333333334
0.8594666666666667
0.9384
0.9366666666666666
0.9192
0.9210666666666667
0.9381333333333334
0.9272
0.9286666666666666
0.9519333333333333
0.9425333333333333
0.9473333333333334
0.9299333333333333
0.9751333333333333
0.9773333333333334
0.9775333333333334
0.9776666666666667
0.9814666666666667
0.9819333333333333
0.9822
0.9829333333333333
0.9843333333333333
0.9842666666666666
0.9856
0.9853333333333333
0.9862666666666666
0.9878666666666667
0.9881333333333333
0.9884
0.9876666666666667
0.9880666666666666
0.9892666666666666
0.9899333333333333
0.9898666666666667
0.9898666666666667
0.9899333333333333
0.9914
0.9911333333333333
0.9924666666666667
0.9915333333333334
0.9934
0.9927333333333334
0.9928
0.9934
0.9927333333333334
0.9906666666666667
0.9938666666666667
0.9946666666666667
0.9930666666666667
0.9954666666666667
0.9952
0.9960666666666667
0.9958666666666667
0.9948666666666667
0.9958666666666667
0.9958666666666667
0.9961333333333333
0.9962
0.9958666666666667
0.9957333333333334
0.9952
0.9956666666666667
0.9968
0.9963333333333333
0.9956
0.9962666666666666
0.996
0.9958666666666667
0.9965333333333334
0.9963333333333333
0.9962
0.9966
0.9969333333333333
0.9962666666666666
0.9965333333333334
0.997
0.9959333333333333
0.9966
