0.5576666666666666
0.6158666666666667
0.6484
0.6685333333333333
0.676
0.7441333333333333
0.7632666666666666
0.7775333333333333
0.7544
0.7812
0.7572
0.8185333333333333
0.8082
0.8032
0.8245333333333333
0.8365333333333334
0.8142
0.8348666666666666
0.8403333333333334
0.8082
0.8623333333333333
0.8448666666666667
0.8618666666666667
0.8540666666666666
0.8697333333333334
0.8546666666666667
0.8551333333333333
0.8488
0.8906
0.8653333333333333
0.8816
0.8800666666666667
0.8776666666666667
0.8741333333333333
0.8831333333333333
0.9242666666666667
0.9258
0.9331333333333334
0.9375333333333333
0.9375333333333333
0.9384
0.9427333333333333
0.9454666666666667
0.9454
0.9448666666666666
0.9478666666666666
0.9507333333333333
0.9476666666666667
0.9488
0.9522
0.9527333333333333
0.9508666666666666
0.9545333333333333
0.9547333333333333
0.9591333333333333
0.9568666666666666
0.9539333333333333
0.9593333333333334
0.9526666666666667
0.9600666666666666
0.9622666666666667
0.9630666666666666
0.9644
0.9617333333333333
0.9662666666666667
0.9664
0.9658666666666667
0.9656
0.9688666666666667
0.9690666666666666
0.9744666666666667
0.9766666666666667
0.9760666666666666
0.977
0.9751333333333333
0.9790666666666666
0.977
0.9791333333333333
0.9802
0.9778666666666667
0.9796666666666667
0.9795333333333334
0.9799333333333333
0.9793333333333333
0.9792
0.9812666666666666
0.9802
0.9805333333333334
0.9809333333333333
0.9798
0.9812
0.9811333333333333
0.9802666666666666
0.9806
0.9824
0.9806666666666667
0.9796
0.9818
0.9826
0.9833333333333333
