0.7095
0.76675
0.84545
0.82925
0.85055
0.8755
0.8759
0.88395
0.88665
0.9078
0.912
0.8762
0.9155
0.9299
0.89615
0.9354
0.926
0.93
0.92345
0.9218
0.9353
0.9286
0.92655
0.9416
0.9138
0.92555
0.9393
0.9414
0.93285
0.92985
0.92935
0.9445
0.9405
0.95415
0.94965
0.9716
0.97395
0.9782
0.9789
0.9804
0.97965
0.9808
0.9816
0.9827
0.98345
0.9833
0.9857
0.98585
0.98545
0.98665
0.9867
0.98545
0.9881
0.98765
0.988
0.9882
0.98885
0.9889
0.99115
0.9889
0.9901
0.99015
0.99045
0.9892
0.9902
0.9911
0.9925
0.9911
0.99155
0.9908
0.9937
0.9935
0.99425
0.9944
0.994
0.9951
0.99505
0.99485
0.9961
0.9948
0.9951
0.99515
0.9955
0.99475
0.9955
0.9955
0.99515
0.9949
0.9958
0.99615
0.9953
0.9955
0.99545
0.9953
0.99605
0.9963
0.9961
0.9964
0.99535
0.9962
