0.9305833333333333
0.9264166666666667
0.9816666666666667
0.8094166666666667
0.9868333333333333
0.9790833333333333
0.6979166666666666
0.9748333333333333
0.9768333333333333
0.91225
0.9906666666666667
0.9800833333333333
0.98175
0.8781666666666667
0.9903333333333333
0.9724166666666667
0.9529166666666666
0.9765833333333334
0.98225
0.97175
0.9845833333333334
0.9784166666666667
0.9861666666666666
0.9409166666666666
0.9718333333333333
0.86025
0.8451666666666666
0.9768333333333333
0.94575
0.9550833333333333
0.89375
0.9673333333333334
0.9633333333333334
0.97
0.9844166666666667
0.9766666666666667
0.9630833333333333
0.98875
0.5994166666666667
0.9201666666666667
0.9683333333333334
0.96275
0.9713333333333334
0.9638333333333333
0.8585
0.87675
0.9301666666666667
0.6703333333333333
0.9498333333333333
0.9363333333333334
0.70075
0.9666666666666667
0.915
0.8874166666666666
0.9283333333333333
0.95975
0.8558333333333333
0.8293333333333334
0.87625
0.9676666666666667
0.9366666666666666
0.9365833333333333
0.9693333333333334
0.94375
0.9566666666666667
0.9479166666666666
0.9304166666666667
0.9469166666666666
0.9553333333333334
0.9488333333333333
0.9644166666666667
0.9645
0.9645
0.9415
0.9484166666666667
0.9580833333333333
0.94825
0.9689166666666666
0.969
0.9580833333333333
0.9509166666666666
0.9529166666666666
0.9633333333333334
0.9606666666666667
0.962
0.9428333333333333
0.9608333333333333
0.9679166666666666
0.9684166666666667
0.9618333333333333
0.9680833333333333
0.9561666666666667
0.9684166666666667
0.9415833333333333
0.9676666666666667
0.9683333333333334
0.9739166666666667
0.9788333333333333
0.9626666666666667
0.9451666666666667
0.9595
0.968
0.9673333333333334
0.968
0.9765833333333334
0.9718333333333333
0.9686666666666667
0.97
0.9655
0.9789166666666667
0.96325
0.9784166666666667
0.962
0.9425833333333333
0.96525
0.985
0.964
0.9730833333333333
0.9763333333333334
0.9750833333333333
0.983
0.98125
0.97475
0.983
0.9804166666666667
0.9804166666666667
0.9791666666666666
0.97925
0.9891666666666666
0.9791666666666666
0.9866666666666667
0.9853333333333333
0.9803333333333333
0.9834166666666667
0.9805833333333334
0.9795
0.97825
0.9826666666666667
0.98575
0.984
0.9836666666666667
0.98475
0.9855833333333334
0.9845
0.9789166666666667
0.9795
0.9820833333333333
0.9815
0.9845
0.985
0.9840833333333333
0.9841666666666666
0.9866666666666667
0.9840833333333333
0.9795833333333334
0.982
0.9863333333333333
0.9833333333333333
0.9830833333333333
0.9878333333333333
0.9848333333333333
0.9804166666666667
0.9860833333333333
0.9859166666666667
0.9844166666666667
0.9824166666666667
0.9805833333333334
0.9844166666666667
0.9865833333333334
0.98175
0.9828333333333333
0.9870833333333333
0.9836666666666667
0.9868333333333333
0.9823333333333333
0.9885833333333334
0.981
0.98375
0.98825
0.9865833333333334
