0.8980555555555556
0.9283888888888889
0.9761111111111112
0.9801111111111112
0.9576111111111111
0.9533888888888888
0.9198888888888889
0.9519444444444445
0.9449444444444445
0.9526666666666667
0.9567777777777777
0.9840555555555556
0.6427222222222222
0.9752222222222222
0.9803888888888889
0.9777222222222223
0.9543888888888888
0.9258333333333333
0.9708333333333333
0.9611666666666666
0.984
0.9746666666666667
0.9728333333333333
0.9203333333333333
0.9551111111111111
0.9011111111111111
0.9445
0.9847222222222223
0.9871111111111112
0.9816111111111111
0.9488888888888889
0.9448888888888889
0.9653333333333334
0.9587777777777777
0.9833888888888889
0.9808333333333333
0.9862777777777778
0.9857777777777778
0.9465555555555556
0.9887222222222222
0.9853333333333333
0.9865555555555555
0.9428333333333333
0.9866666666666667
0.9847777777777778
0.9721111111111111
0.9798333333333333
0.9821111111111112
0.9807777777777777
0.9808333333333333
0.865
0.9729444444444444
0.9684444444444444
0.9742777777777778
0.9825
0.9508333333333333
0.9855
0.9235
0.9691111111111111
0.9744444444444444
0.9863888888888889
0.9908888888888889
0.9904444444444445
0.992
0.9929444444444444
0.9916666666666667
0.9935555555555555
0.9933888888888889
0.991
0.9915
0.991
0.9911666666666666
0.9893888888888889
0.9911111111111112
0.9927222222222222
0.9925
0.9938333333333333
0.9905
0.9882222222222222
0.9942777777777778
0.9941666666666666
0.9942777777777778
0.9882222222222222
0.9963333333333333
0.9915555555555555
0.9945555555555555
0.9938888888888889
0.9962222222222222
0.9961666666666666
0.9956666666666667
0.9941111111111111
0.9967777777777778
0.9948888888888889
0.9953333333333333
0.996
0.9931111111111111
0.9958333333333333
0.9955555555555555
0.9965
0.9927222222222222
0.9971666666666666
0.9942222222222222
0.9924444444444445
0.9944444444444445
0.9897222222222222
0.9931111111111111
0.9921111111111112
0.9832222222222222
0.9951666666666666
0.9948888888888889
0.995
0.995
0.9936666666666667
0.9966111111111111
0.9949444444444444
0.9911666666666666
0.9939444444444444
0.9956666666666667
0.9951111111111111
0.9912777777777778
0.9895555555555555
0.9968333333333333
0.9954444444444445
0.9965555555555555
0.9958888888888889
0.9955555555555555
0.9952777777777778
0.9955
0.9967222222222222
0.9956666666666667
0.9964444444444445
0.9963888888888889
0.9962777777777778
0.9976111111111111
0.9973888888888889
0.9972222222222222
0.9965
0.9960555555555556
0.9971111111111111
0.9963888888888889
0.9969444444444444
0.9977777777777778
0.9968333333333333
0.9973888888888889
0.9981666666666666
0.9962222222222222
0.9980555555555556
0.9971111111111111
0.9977777777777778
0.9972222222222222
0.998
0.9970555555555556
0.9972222222222222
0.9974444444444445
0.9980555555555556
0.9977222222222222
0.9968333333333333
0.9976666666666667
0.9974444444444445
0.9978333333333333
0.9983333333333333
0.9984444444444445
0.9965555555555555
0.9971666666666666
0.9977222222222222
0.998
0.998
0.9981666666666666
0.9963888888888889
0.9982222222222222
0.9975
0.9982222222222222
0.9971666666666666
0.9962777777777778
0.9972222222222222
0.9981666666666666
0.9976111111111111
0.9971666666666666
0.9977777777777778
0.9973333333333333
