0.9515833333333333
0.9486666666666667
0.9495
0.8038333333333333
0.9559166666666666
0.9318333333333333
0.9005
0.9306666666666666
0.88875
0.965
0.9451666666666667
0.917
0.7431666666666666
0.9430833333333334
0.9619166666666666
0.8139166666666666
0.9565
0.9354166666666667
0.73375
0.8989166666666667
0.90525
0.9335833333333333
0.8973333333333333
0.89825
0.9255833333333333
0.955
0.89225
0.7774166666666666
0.937
0.956
0.9295
0.8876666666666667
0.9203333333333333
0.7811666666666667
0.92775
0.9193333333333333
0.9471666666666667
0.9431666666666667
0.9164166666666667
0.9588333333333333
0.9058333333333334
0.7616666666666667
0.93875
0.9556666666666667
0.921
0.3233333333333333
0.89375
0.8288333333333333
0.88625
0.8198333333333333
0.9364166666666667
0.8790833333333333
0.8519166666666667
0.8611666666666666
0.9374166666666667
0.8840833333333333
0.9308333333333333
0.834
0.9408333333333333
0.93075
0.84525
0.9161666666666667
0.9368333333333333
0.9444166666666667
0.9301666666666667
0.925
0.9270833333333334
0.9323333333333333
0.932
0.9450833333333334
0.9135833333333333
0.9350833333333334
0.94125
0.9366666666666666
0.9514166666666667
0.9413333333333334
0.91175
0.9515
0.9280833333333334
0.8578333333333333
0.8826666666666667
0.92875
0.93725
0.9416666666666667
0.9244166666666667
0.9173333333333333
0.9283333333333333
0.9061666666666667
0.9233333333333333
0.8963333333333333
0.9266666666666666
0.93575
0.90825
0.9085833333333333
0.9551666666666667
0.9334166666666667
0.9314166666666667
0.9243333333333333
0.89325
0.9116666666666666
0.93
0.9445833333333333
0.9229166666666667
0.9355833333333333
0.9510833333333333
0.8819166666666667
0.946
0.9524166666666667
0.9266666666666666
0.9519166666666666
0.9448333333333333
0.901
0.9303333333333333
0.9395833333333333
0.9234166666666667
0.9565
0.9505833333333333
0.9381666666666667
0.9375
0.9496666666666667
0.943
0.9328333333333333
0.95475
0.9440833333333334
0.94675
0.948
0.95025
0.9520833333333333
0.937
0.9483333333333334
0.93425
0.9468333333333333
0.9453333333333334
0.949
0.9520833333333333
0.9460833333333334
0.954
0.9416666666666667
0.9385833333333333
0.9374166666666667
0.9403333333333334
0.9495833333333333
0.9223333333333333
0.936
0.93425
0.9418333333333333
0.946
0.9411666666666667
0.9415
0.95225
0.9475833333333333
0.9488333333333333
0.9441666666666667
0.9530833333333333
0.9398333333333333
0.9460833333333334
0.953
0.9579166666666666
0.9530833333333333
0.9545833333333333
0.9610833333333333
0.9473333333333334
0.9376666666666666
0.9465
0.9541666666666667
0.95275
0.9490833333333333
0.9514166666666667
0.9544166666666667
0.947
0.9505833333333333
0.9490833333333333
0.9479166666666666
0.9385833333333333
0.9429166666666666
0.9375
0.9449166666666666
0.9509166666666666
0.95025
0.95925
