0.98525
0.947
0.8888333333333334
0.9518333333333333
0.9865833333333334
0.85275
0.9316666666666666
0.9385
0.9699166666666666
0.9383333333333334
0.90175
0.8786666666666667
0.8665
0.9239166666666667
0.7456666666666667
0.6996666666666667
0.7265
0.9288333333333333
0.671
0.5644166666666667
0.979
0.8304166666666667
0.9674166666666667
0.8811666666666667
0.7641666666666667
0.7914166666666667
0.84525
0.6804166666666667
0.8964166666666666
0.79175
0.5626666666666666
0.7999166666666667
0.8164166666666667
0.24008333333333334
0.8924166666666666
0.92275
0.57525
0.8729166666666667
0.5869166666666666
0.9275833333333333
0.835
0.9858333333333333
0.9565833333333333
0.7779166666666667
0.929
0.5315
0.9520833333333333
0.9246666666666666
0.9535
0.8670833333333333
0.8714166666666666
0.8851666666666667
0.9311666666666667
0.75525
0.4895833333333333
0.8520833333333333
0.7983333333333333
0.78475
0.9329166666666666
0.87425
0.9310833333333334
0.9460833333333334
0.9509166666666666
0.95475
0.9588333333333333
0.9488333333333333
0.9600833333333333
0.9509166666666666
0.963
0.9570833333333333
0.9695833333333334
0.9551666666666667
0.9674166666666667
0.9619166666666666
0.95475
0.9598333333333333
0.9716666666666667
0.9623333333333334
0.963
0.9679166666666666
0.9788333333333333
0.9674166666666667
0.9826666666666667
0.953
0.9725
0.9571666666666667
0.96975
0.9671666666666666
0.9785
0.9635833333333333
0.97
0.9510833333333333
0.9761666666666666
0.9629166666666666
0.9784166666666667
0.9853333333333333
0.977
0.9644166666666667
0.9659166666666666
0.9816666666666667
0.9815
0.9820833333333333
0.97475
0.98175
0.9824166666666667
0.9840833333333333
0.96725
0.95225
0.9530833333333333
0.9936666666666667
0.989
0.9829166666666667
0.9876666666666667
0.9925
0.9823333333333333
0.969
0.9840833333333333
0.9694166666666667
0.9918333333333333
0.987
0.99
0.9873333333333333
0.99275
0.9941666666666666
0.9890833333333333
0.9908333333333333
0.9931666666666666
0.9944166666666666
0.9944166666666666
0.9921666666666666
0.9938333333333333
0.9924166666666666
0.9955
0.9966666666666667
0.9955
0.9940833333333333
0.9969166666666667
0.9946666666666667
0.9919166666666667
0.9948333333333333
0.9950833333333333
0.9945
0.9921666666666666
0.9941666666666666
0.9936666666666667
0.99475
0.9945
0.992
0.99175
0.99525
0.9949166666666667
0.99325
0.9961666666666666
0.99525
0.99725
0.9968333333333333
0.9923333333333333
0.99575
0.99575
0.9940833333333333
0.9955833333333334
0.9945833333333334
0.9978333333333333
0.99575
0.99575
0.9945833333333334
0.9933333333333333
0.997
0.99525
0.9969166666666667
0.9955833333333334
0.9950833333333333
0.99525
0.9950833333333333
0.99225
0.9961666666666666
0.9958333333333333
0.99525
0.9953333333333333
0.9970833333333333
