0.8089583333333333
0.8964166666666666
0.9072916666666667
0.9050416666666666
0.9154166666666667
0.8949583333333333
0.9120416666666666
0.9095833333333333
0.857625
0.9277916666666667
0.917
0.9045
0.7899583333333333
0.92125
0.9299583333333333
0.9409583333333333
0.9111666666666667
0.9208333333333333
0.8309583333333334
0.9242916666666666
0.9381666666666667
0.9282083333333333
0.9274166666666667
0.9331666666666667
0.9420833333333334
0.8958333333333334
0.9386666666666666
0.9435416666666666
0.9315833333333333
0.9330416666666667
0.9290416666666667
0.9389166666666666
0.9072083333333333
0.9318333333333333
0.93475
0.9510833333333333
0.9482916666666666
0.9414583333333333
0.9347916666666667
0.9261666666666667
0.9290833333333334
0.9357083333333334
0.9463333333333334
0.9254583333333334
0.9470833333333334
0.94225
0.9270416666666667
0.9500416666666667
0.826625
0.9397916666666667
0.9473333333333334
0.9365416666666667
0.948
0.9304166666666667
0.934
0.9446666666666667
0.943875
0.9480833333333333
0.95425
0.951125
0.964875
0.9659583333333334
0.9669166666666666
0.969125
0.9672083333333333
0.97
0.9697916666666667
0.9692916666666667
0.9705
0.9694583333333333
0.9693333333333334
0.9700833333333333
0.9707083333333333
0.9695416666666666
0.9641666666666666
0.9697083333333333
0.9645
0.9688333333333333
0.9710416666666667
0.9703333333333334
0.9702083333333333
0.9711666666666666
0.9682083333333333
0.96725
0.9698333333333333
0.9694166666666667
0.9716666666666667
0.9690833333333333
0.9714166666666667
0.964875
0.9697916666666667
0.971625
0.969625
0.970125
0.9689583333333334
0.9699166666666666
0.9699583333333334
0.9697083333333333
0.9677916666666667
0.970625
0.9701666666666666
0.9689166666666666
0.9689583333333334
0.9676666666666667
0.971625
0.9679166666666666
0.9719166666666667
0.9689166666666666
0.9683333333333334
0.9690416666666667
0.9685
0.9720416666666667
0.9705
0.9718333333333333
0.971625
0.9720833333333333
0.9714583333333333
0.9704166666666667
0.9699166666666666
0.97075
0.9753333333333334
0.9769583333333334
0.9772916666666667
0.9770833333333333
0.9772916666666667
0.9764166666666667
0.9775
0.9773333333333334
0.9790416666666667
0.9793333333333333
0.9785416666666666
0.979625
0.979
0.97925
0.97825
0.9797916666666666
0.97875
0.9800833333333333
0.9800833333333333
0.97925
0.98025
0.9798333333333333
0.9795416666666666
0.9801666666666666
0.9799166666666667
0.9797916666666666
0.98125
0.98025
0.98025
0.9812083333333333
0.9805
0.9809583333333334
0.981
0.98125
0.97925
0.9802916666666667
0.9808333333333333
0.9810833333333333
0.981125
0.9801666666666666
0.9813333333333333
0.981875
0.981
0.9816666666666667
0.982875
0.9800833333333333
0.9813333333333333
0.9823333333333333
0.9821666666666666
0.9815
0.9805
0.980625
0.9805416666666666
0.9807083333333333
0.9825833333333334
0.9830416666666667
0.982125
0.9837916666666666
0.9832083333333334
0.983
