0.9605
0.9779166666666667
0.8015
0.97475
0.94875
0.9674166666666667
0.9046666666666666
0.9738333333333333
0.9611666666666666
0.8733333333333333
0.7963333333333333
0.8380833333333333
0.8158333333333333
0.9755833333333334
0.8528333333333333
0.931
0.91725
0.9025833333333333
0.9828333333333333
0.8844166666666666
0.8881666666666667
0.984
0.9675833333333334
0.9530833333333333
0.8023333333333333
0.8545833333333334
0.9466666666666667
0.57625
0.9545
0.8776666666666667
0.88875
0.8054166666666667
0.8953333333333333
0.8024166666666667
0.7484166666666666
0.9285
0.8440833333333333
0.8825
0.9094166666666667
0.9121666666666667
0.9364166666666667
0.91875
0.9579166666666666
0.8981666666666667
0.977
0.9165
0.9418333333333333
0.899
0.863
0.843
0.84475
0.9319166666666666
0.93
0.9681666666666666
0.8755833333333334
0.787
0.9435833333333333
0.8801666666666667
0.9189166666666667
0.62575
0.9365833333333333
0.93925
0.9240833333333334
0.9218333333333333
0.91425
0.9400833333333334
0.9428333333333333
0.9393333333333334
0.9375833333333333
0.9448333333333333
0.9349166666666666
0.9300833333333334
0.9239166666666667
0.9490833333333333
0.9178333333333333
0.9348333333333333
0.93675
0.9176666666666666
0.937
0.9413333333333334
0.9458333333333333
0.95825
0.9428333333333333
0.9104166666666667
0.9470833333333334
0.9619166666666666
0.9651666666666666
0.9508333333333333
0.95475
0.92825
0.9206666666666666
0.9408333333333333
0.93
0.95475
0.9553333333333334
0.92925
0.9475
0.931
0.9481666666666667
0.9425
0.93
0.91025
0.9511666666666667
0.9173333333333333
0.96275
0.95675
0.9505833333333333
0.9635
0.93975
0.9416666666666667
0.965
0.9520833333333333
0.9671666666666666
0.9580833333333333
0.9546666666666667
0.951
0.9536666666666667
0.9794166666666667
0.94575
0.9550833333333333
0.97225
0.978
0.9595
0.9763333333333334
0.9818333333333333
0.9804166666666667
0.9824166666666667
0.9716666666666667
0.978
0.9755
0.96725
0.9664166666666667
0.9760833333333333
0.9655
0.9703333333333334
0.9783333333333334
0.9738333333333333
0.9704166666666667
0.969
0.978
0.9656666666666667
0.9796666666666667
0.9715
0.9811666666666666
0.97675
0.9694166666666667
0.9846666666666667
0.98175
0.9715833333333334
0.9759166666666667
0.9745
0.9806666666666667
0.9778333333333333
0.98175
0.981
0.9819166666666667
0.98575
0.9821666666666666
0.9735833333333334
0.9820833333333333
0.9858333333333333
0.975
0.9776666666666667
0.97
0.9856666666666667
0.9774166666666667
0.97975
0.9871666666666666
0.9851666666666666
0.97775
0.9855
0.9784166666666667
0.98075
0.982
0.9865833333333334
0.9804166666666667
0.9713333333333334
0.9735833333333334
0.9764166666666667
0.9784166666666667
