0.9077777777777778
0.9476111111111111
0.9548888888888889
0.9441111111111111
0.9582222222222222
0.9236666666666666
0.9316111111111111
0.8818888888888889
0.9648333333333333
0.9711666666666666
0.9607222222222223
0.9531666666666667
0.9563888888888888
0.9539444444444445
0.9592222222222222
0.9809444444444444
0.9723888888888889
0.9404444444444444
0.9771111111111112
0.9607777777777777
0.9246666666666666
0.9613888888888888
0.9260555555555555
0.9135
0.9820555555555556
0.9720555555555556
0.9661111111111111
0.984
0.9665
0.9704444444444444
0.9687777777777777
0.9692222222222222
0.916
0.9476666666666667
0.952
0.9695
0.9635555555555556
0.9591111111111111
0.9794444444444445
0.9615
0.9638333333333333
0.9491111111111111
0.9712777777777778
0.9542222222222222
0.9813888888888889
0.874
0.9604444444444444
0.9673333333333334
0.9187777777777778
0.9835555555555555
0.919
0.9661111111111111
0.9471111111111111
0.9333333333333333
0.9263333333333333
0.9492777777777778
0.9736666666666667
0.9270555555555555
0.957
0.9675555555555555
0.9868888888888889
0.9821666666666666
0.9738333333333333
0.9788888888888889
0.9851666666666666
0.9855
0.9846666666666667
0.9897777777777778
0.9855
0.9862777777777778
0.9803888888888889
0.9850555555555556
0.9902777777777778
0.9872222222222222
0.9882777777777778
0.9864444444444445
0.9883888888888889
0.9877222222222222
0.9847777777777778
0.9863888888888889
0.9879444444444444
0.9823333333333333
0.9881666666666666
0.9872222222222222
0.9888333333333333
0.9889444444444444
0.9898888888888889
0.9901111111111112
0.9901111111111112
0.9873888888888889
0.9867222222222222
0.9862222222222222
0.9845
0.9806111111111111
0.9932777777777778
0.992
0.9917222222222222
0.9916111111111111
0.9805555555555555
0.9757222222222223
0.9886666666666667
0.9866111111111111
0.9886111111111111
0.9936111111111111
0.9912777777777778
0.9879444444444444
0.9872777777777778
0.9902777777777778
0.9944444444444445
0.9932777777777778
0.9896111111111111
0.9923333333333333
0.9898888888888889
0.9872777777777778
0.9958888888888889
0.9867222222222222
0.9921666666666666
0.984
0.9926666666666667
0.9868888888888889
0.9893333333333333
0.9937777777777778
0.9934444444444445
0.9947222222222222
0.9940555555555556
0.9925555555555555
0.9939444444444444
0.9918333333333333
0.9947777777777778
0.9943333333333333
0.9942777777777778
0.9943888888888889
0.9956111111111111
0.9950555555555556
0.9947222222222222
0.9935
0.994
0.9915
0.9932777777777778
0.9918888888888889
0.9944444444444445
0.9958888888888889
0.9942222222222222
0.9952222222222222
0.9937222222222222
0.9945555555555555
0.9962222222222222
0.9945555555555555
0.9955555555555555
0.9934444444444445
0.9953888888888889
0.9956666666666667
0.9945
0.9962777777777778
0.9942222222222222
0.9954444444444445
0.9929444444444444
0.993
0.9963333333333333
0.9945555555555555
0.9961111111111111
0.9955555555555555
0.9956111111111111
0.9953888888888889
0.994
0.9958333333333333
0.9955
0.9952777777777778
0.9958888888888889
0.9967777777777778
0.9938888888888889
0.997
0.9952777777777778
0.9950555555555556
0.9959444444444444
0.994
0.9956666666666667
0.9952222222222222
0.9961666666666666
0.9953333333333333
