0.749
0.7915833333333333
0.8639583333333334
0.8229583333333333
0.83375
0.7866666666666666
0.8919166666666667
0.84125
0.7735416666666667
0.8623333333333333
0.85775
0.8949166666666667
0.8857083333333333
0.7927083333333333
0.8682916666666667
0.819
0.8849166666666667
0.865875
0.9192916666666666
0.885375
0.8714583333333333
0.916625
0.90275
0.90325
0.9125833333333333
0.8878333333333334
0.86875
0.9052083333333333
0.8516666666666667
0.9241666666666667
0.902375
0.9003333333333333
0.91875
0.9085833333333333
0.913125
0.9143333333333333
0.9089583333333333
0.90525
0.9056666666666666
0.885125
0.8464166666666667
0.8760833333333333
0.9185
0.8453333333333334
0.8724583333333333
0.8986666666666666
0.9270416666666667
0.918125
0.8924583333333334
0.9032916666666667
0.9019166666666667
0.911875
0.9238333333333333
0.89375
0.907
0.919625
0.9095416666666667
0.9214583333333334
0.8910833333333333
0.9093333333333333
0.94375
0.9462083333333333
0.947625
0.9507916666666667
0.9486666666666667
0.9500833333333333
0.9530416666666667
0.9523333333333334
0.9495833333333333
0.9515833333333333
0.9543333333333334
0.95075
0.951625
0.95
0.9521666666666667
0.955875
0.9571666666666667
0.955
0.9540833333333333
0.9517916666666667
0.9568333333333333
0.948
0.9554583333333333
0.957375
0.957875
0.9550833333333333
0.956
0.9549583333333334
0.9543333333333334
0.954
0.9562916666666667
0.952875
0.9487083333333334
0.955
0.9584166666666667
0.957625
0.9555416666666666
0.959375
0.9562083333333333
0.9572916666666667
0.956375
0.9577083333333334
0.9548333333333333
0.958375
0.9526666666666667
0.955875
0.9425833333333333
0.95325
0.9533333333333334
0.9565416666666666
0.9502083333333333
0.9540833333333333
0.9555
0.9526666666666667
0.95925
0.9556666666666667
0.953875
0.9527916666666667
0.95025
0.95975
0.964875
0.966
0.9663333333333334
0.96725
0.96775
0.9665416666666666
0.9690833333333333
0.9694583333333333
0.9686666666666667
0.9684583333333333
0.9699166666666666
0.9689583333333334
0.9707083333333333
0.9694166666666667
0.971875
0.9717083333333333
0.9701666666666666
0.96925
0.9700833333333333
0.9704166666666667
0.9713333333333334
0.9713333333333334
0.9703333333333334
0.9715833333333334
0.9692916666666667
0.969625
0.9699166666666666
0.9691666666666666
0.9710833333333333
0.9720416666666667
0.973375
0.9711666666666666
0.9730833333333333
0.9706666666666667
0.972125
0.9717083333333333
0.972375
0.973875
0.9723333333333334
0.9709583333333334
0.9731666666666666
0.9722083333333333
0.970625
0.972625
0.9745
0.9728333333333333
0.972125
0.9730833333333333
0.974
0.9746666666666667
0.9739583333333334
0.9749166666666667
0.97325
0.9748333333333333
0.9735833333333334
0.972625
0.9745416666666666
0.9755
0.9757916666666666
0.9757916666666666
