0.9200555555555555
0.9182222222222223
0.9443888888888889
0.9024444444444445
0.9447777777777778
0.8931666666666667
0.9368888888888889
0.9055555555555556
0.8864444444444445
0.864
0.9296666666666666
0.8426666666666667
0.9572777777777778
0.8861111111111111
0.7752222222222223
0.8357777777777777
0.9455555555555556
0.9347222222222222
0.8664444444444445
0.8595
0.9366666666666666
0.9008333333333334
0.9010555555555556
0.8738333333333334
0.9092777777777777
0.9462222222222222
0.9203888888888889
0.7208333333333333
0.9576111111111111
0.9365555555555556
0.8326666666666667
0.9448333333333333
0.9288333333333333
0.9336666666666666
0.8957777777777778
0.889
0.9021111111111111
0.8247777777777778
0.8840555555555556
0.9073333333333333
0.8968888888888888
0.9092777777777777
0.6713888888888889
0.9227777777777778
0.9402222222222222
0.8110555555555555
0.9501666666666667
0.9458333333333333
0.9496111111111111
0.8452222222222222
0.8318888888888889
0.9717777777777777
0.9645
0.9072222222222223
0.8333888888888888
0.9123333333333333
0.866
0.8684444444444445
0.9531666666666667
0.9161666666666667
0.946
0.9510555555555555
0.9449444444444445
0.9544444444444444
0.9559444444444445
0.9506111111111111
0.9452777777777778
0.9393333333333334
0.9339444444444445
0.9412222222222222
0.9522222222222222
0.95
0.9265
0.9509444444444445
0.9605555555555556
0.9336666666666666
0.9373888888888889
0.9460555555555555
0.9476666666666667
0.9533888888888888
0.9410555555555555
0.9418888888888889
0.9297777777777778
0.9484444444444444
0.9614444444444444
0.9582777777777778
0.9372222222222222
0.9601111111111111
0.9509444444444445
0.9106111111111111
0.9523333333333334
0.9322777777777778
0.9613333333333334
0.9620555555555556
0.9593333333333334
0.9537222222222222
0.9576666666666667
0.9654444444444444
0.9316111111111111
0.9545555555555556
0.9550555555555555
0.9619444444444445
0.9536666666666667
0.9732777777777778
0.9727777777777777
0.958
0.9642777777777778
0.9683888888888889
0.9598888888888889
0.9508888888888889
0.9626111111111111
0.9686111111111111
0.9599444444444445
0.9487777777777778
0.9476666666666667
0.9671666666666666
0.9718888888888889
0.9632222222222222
0.9681666666666666
0.9570555555555555
0.967
0.9639444444444445
0.9718888888888889
0.9723888888888889
0.9712777777777778
0.9701666666666666
0.9726666666666667
0.9753333333333334
0.9736111111111111
0.9745555555555555
0.9734444444444444
0.9753888888888889
0.9730555555555556
0.9737777777777777
0.9695555555555555
0.9746666666666667
0.9734444444444444
0.9739444444444444
0.9755555555555555
0.9736111111111111
0.9782222222222222
0.9743333333333334
0.9775555555555555
0.9775555555555555
0.9716666666666667
0.9755555555555555
0.9800555555555556
0.9761666666666666
0.975
0.9756666666666667
0.9777777777777777
0.977
0.9776111111111111
0.9761111111111112
0.9763333333333334
0.9766111111111111
0.9763333333333334
0.9727222222222223
0.9749444444444444
0.9787222222222223
0.9769444444444444
0.9747222222222223
0.9789444444444444
0.9762222222222222
0.9815
0.9796666666666667
0.9777222222222223
0.9748333333333333
0.9777777777777777
0.9776666666666667
0.977
0.9774444444444444
0.9801666666666666
0.9785
0.9770555555555556
0.9783888888888889
0.9782777777777778
0.9785555555555555
0.9796666666666667
0.9796666666666667
