0.7694583333333334
0.85275
0.8398333333333333
0.804375
0.8937916666666667
0.8567083333333333
0.903375
0.89225
0.7820833333333334
0.8979166666666667
0.9059166666666667
0.8285416666666666
0.878375
0.8388333333333333
0.8954166666666666
0.8902916666666667
0.8775833333333334
0.9119583333333333
0.9205833333333333
0.898875
0.88675
0.9104583333333334
0.909
0.9052916666666667
0.8458333333333333
0.8280833333333333
0.9102916666666667
0.861875
0.9185
0.8825416666666667
0.9023333333333333
0.913125
0.9184166666666667
0.9115
0.9031666666666667
0.8769166666666667
0.9180416666666666
0.9034166666666666
0.89475
0.8884166666666666
0.9165416666666667
0.9037083333333333
0.88225
0.90925
0.887375
0.894
0.89275
0.894
0.9094583333333334
0.8997916666666667
0.9144583333333334
0.7977083333333334
0.87425
0.9104166666666667
0.9130833333333334
0.9002083333333334
0.9177916666666667
0.8813333333333333
0.9060833333333334
0.888375
0.9433333333333334
0.9465416666666666
0.947125
0.9466666666666667
0.9443333333333334
0.9487083333333334
0.951
0.95525
0.9509583333333333
0.9479583333333333
0.9536666666666667
0.9512916666666666
0.9522916666666666
0.9547083333333334
0.9532083333333333
0.9545
0.9551666666666667
0.9520416666666667
0.95625
0.9525833333333333
0.9519583333333334
0.9554166666666667
0.9574166666666667
0.953375
0.9585833333333333
0.9489583333333333
0.9517916666666667
0.953
0.9549583333333334
0.95525
0.9534583333333333
0.9519166666666666
0.9565833333333333
0.9480416666666667
0.9554583333333333
0.9565833333333333
0.9518333333333333
0.9552083333333333
0.954625
0.9574583333333333
0.9549583333333334
0.9557083333333334
0.953625
0.95225
0.9502916666666666
0.9528333333333333
0.9542083333333333
0.957125
0.9554166666666667
0.956
0.9517916666666667
0.954375
0.9589166666666666
0.9575833333333333
0.9554166666666667
0.9483333333333334
0.9542083333333333
0.952
0.9597083333333334
0.9605833333333333
0.9633333333333334
0.9645
0.9644583333333333
0.963875
0.9624583333333333
0.9679583333333334
0.9672916666666667
0.965625
0.9669583333333334
0.9655416666666666
0.9675833333333334
0.9687916666666667
0.9685416666666666
0.9679166666666666
0.9690833333333333
0.969625
0.9692083333333333
0.970375
0.9689583333333334
0.9663333333333334
0.96875
0.9677916666666667
0.9664583333333333
0.9697916666666667
0.9688333333333333
0.96825
0.970625
0.9697916666666667
0.9687916666666667
0.96675
0.9709583333333334
0.9718333333333333
0.969375
0.9695833333333334
0.9686666666666667
0.96775
0.971
0.9696666666666667
0.9677083333333333
0.9674583333333333
0.9688333333333333
0.9680416666666667
0.9685833333333334
0.9712916666666667
0.9707916666666667
0.9718333333333333
0.971625
0.9705
0.9715416666666666
0.97275
0.9693333333333334
0.9695833333333334
0.9710833333333333
0.97175
0.9695
0.972375
0.9715416666666666
0.9702916666666667
0.971875
0.97225
