0.95675
0.9133333333333333
0.9545
0.9755
0.968
0.9596666666666667
0.8109166666666666
0.97475
0.9385
0.9274166666666667
0.9546666666666667
0.9743333333333334
0.97225
0.9858333333333333
0.9541666666666667
0.96775
0.9640833333333333
0.97225
0.9841666666666666
0.9735
0.9486666666666667
0.7099166666666666
0.8849166666666667
0.9780833333333333
0.9361666666666667
0.9670833333333333
0.9713333333333334
0.9404166666666667
0.9286666666666666
0.957
0.9771666666666666
0.9628333333333333
0.9834166666666667
0.9736666666666667
0.9670833333333333
0.9844166666666667
0.9625
0.8084166666666667
0.95775
0.9681666666666666
0.9741666666666666
0.9831666666666666
0.9630833333333333
0.97825
0.6671666666666667
0.9919166666666667
0.9768333333333333
0.9304166666666667
0.9825
0.9881666666666666
0.64725
0.9378333333333333
0.9576666666666667
0.9709166666666667
0.9705833333333334
0.9838333333333333
0.9785833333333334
0.9904166666666666
0.97475
0.9889166666666667
0.9926666666666667
0.98875
0.9921666666666666
0.99125
0.9951666666666666
0.9935
0.9955
0.9958333333333333
0.9934166666666666
0.99575
0.9949166666666667
0.99575
0.9935
0.9929166666666667
0.9950833333333333
0.9936666666666667
0.9946666666666667
0.9946666666666667
0.9950833333333333
0.9925833333333334
0.99425
0.9963333333333333
0.9963333333333333
0.99425
0.995
0.9929166666666667
0.9881666666666666
0.99275
0.9929166666666667
0.9976666666666667
0.9955
0.9969166666666667
0.9944166666666666
0.99275
0.9956666666666667
0.9940833333333333
0.9951666666666666
0.9961666666666666
0.9956666666666667
0.9941666666666666
0.9921666666666666
0.9951666666666666
0.9955
0.9929166666666667
0.9940833333333333
0.996
0.9944166666666666
0.9935833333333334
0.9945
0.99475
0.9934166666666666
0.99625
0.9950833333333333
0.99625
0.9966666666666667
0.9921666666666666
0.9928333333333333
0.9953333333333333
0.994
0.9938333333333333
0.99425
0.99525
0.9960833333333333
0.9963333333333333
0.9958333333333333
0.997
0.9965833333333334
0.997
0.9956666666666667
0.9971666666666666
0.9969166666666667
0.99675
0.9964166666666666
0.9975
0.9965
0.99575
0.997
0.99725
0.9965
0.9966666666666667
0.99775
0.9968333333333333
0.9965
0.9981666666666666
0.9965
0.9979166666666667
0.9971666666666666
0.9974166666666666
0.9970833333333333
0.9970833333333333
0.9969166666666667
0.99625
0.9973333333333333
0.9975
0.9970833333333333
0.9961666666666666
0.9980833333333333
0.9966666666666667
0.9975833333333334
0.996
0.997
0.9975833333333334
0.9985
0.9973333333333333
0.9975833333333334
0.9974166666666666
0.9980833333333333
0.9975833333333334
0.9975833333333334
0.9969166666666667
0.9980833333333333
0.9970833333333333
0.9974166666666666
0.99725
0.9976666666666667
0.9981666666666666
0.9981666666666666
0.99775
0.9979166666666667
0.99775
