0.9041666666666667
0.82675
0.9384583333333333
0.8845416666666667
0.8835
0.8749166666666667
0.864875
0.9201666666666667
0.5998333333333333
0.8634583333333333
0.8802916666666667
0.84175
0.8130833333333334
0.9349166666666666
0.889375
0.898625
0.932
0.933
0.8895
0.8166666666666667
0.8099583333333333
0.88275
0.836375
0.8421666666666666
0.90075
0.8977083333333333
0.931125
0.8949583333333333
0.9097083333333333
0.8939166666666667
0.9185416666666667
0.897
0.85825
0.9365416666666667
0.9231666666666667
0.88375
0.8250416666666667
0.8885
0.8920416666666666
0.8569166666666667
0.8569166666666667
0.9172083333333333
0.8130416666666667
0.93875
0.93925
0.9315
0.9565416666666666
0.8905416666666667
0.8919583333333333
0.9557916666666667
0.9339166666666666
0.940375
0.9469583333333333
0.9359166666666666
0.864
0.9582916666666667
0.85175
0.9221666666666667
0.851625
0.8737083333333333
0.9554166666666667
0.9580416666666667
0.957125
0.9493333333333334
0.967625
0.9538333333333333
0.9586666666666667
0.9678333333333333
0.9639166666666666
0.96775
0.9575833333333333
0.9595416666666666
0.94825
0.9531666666666667
0.9529166666666666
0.9635833333333333
0.9658333333333333
0.9659583333333334
0.9729166666666667
0.954125
0.95575
0.9606666666666667
0.9469166666666666
0.9614583333333333
0.9406666666666667
0.97
0.959625
0.9634583333333333
0.95775
0.9645833333333333
0.9636666666666667
0.97525
0.9367916666666667
0.9286666666666666
0.9632916666666667
0.9642083333333333
0.9742916666666667
0.9389166666666666
0.9603333333333334
0.9645
0.972125
0.9577916666666667
0.9739583333333334
0.9677916666666667
0.9543333333333334
0.97275
0.975375
0.9650833333333333
0.9618333333333333
0.9709583333333334
0.968
0.9568333333333333
0.976
0.971875
0.9770833333333333
0.962625
0.9586666666666667
0.970375
0.9816666666666667
0.96625
0.97675
0.981375
0.9842083333333334
0.981625
0.9800833333333333
0.9827083333333333
0.9827916666666666
0.98175
0.98
0.9785
0.9826666666666667
0.9819583333333334
0.9849583333333334
0.985125
0.9828333333333333
0.9843333333333333
0.9831666666666666
0.9835
0.9833333333333333
0.984
0.9841666666666666
0.98425
0.98425
0.9823333333333333
0.9849583333333334
0.9855416666666666
0.9840833333333333
0.98425
0.9860833333333333
0.9854166666666667
0.9874583333333333
0.9842916666666667
0.9857916666666666
0.9837083333333333
0.985625
0.9859166666666667
0.9867083333333333
0.987125
0.9861666666666666
0.9875
0.9866666666666667
0.985375
0.9857916666666666
0.9873333333333333
0.984625
0.9863333333333333
0.9867916666666666
0.9877083333333333
0.9863333333333333
0.9852916666666667
0.9865833333333334
0.9870833333333333
0.9866666666666667
0.985875
0.9867083333333333
0.9856666666666667
0.9854583333333333
0.9870833333333333
0.9861666666666666
0.9887916666666666
