0.8335
0.9281111111111111
0.7436111111111111
0.9197777777777778
0.939
0.9435
0.8607222222222223
0.9047777777777778
0.8773888888888889
0.8923888888888889
0.8745555555555555
0.9472777777777778
0.9378333333333333
0.9493888888888888
0.9379444444444445
0.9327777777777778
0.7648333333333334
0.9487222222222222
0.924
0.9481111111111111
0.9559444444444445
0.9233333333333333
0.9637777777777777
0.9415
0.9632777777777778
0.9402777777777778
0.9531666666666667
0.9345555555555556
0.9669444444444445
0.9732222222222222
0.9294444444444444
0.9576111111111111
0.8877222222222222
0.9395
0.9503333333333334
0.9497222222222222
0.9482222222222222
0.9732222222222222
0.9625555555555556
0.9449444444444445
0.9375555555555556
0.9603333333333334
0.9635555555555556
0.9687777777777777
0.9575
0.9598888888888889
0.9632222222222222
0.9175555555555556
0.9731111111111111
0.8232777777777778
0.9420555555555555
0.9646111111111111
0.9611111111111111
0.9677777777777777
0.9682222222222222
0.9573333333333334
0.9568888888888889
0.9695555555555555
0.8623888888888889
0.9598333333333333
0.976
0.9814444444444445
0.9787222222222223
0.9792777777777778
0.9821111111111112
0.9835
0.984
0.9781666666666666
0.9812222222222222
0.9803888888888889
0.9842222222222222
0.9814444444444445
0.9816111111111111
0.9822222222222222
0.9817777777777777
0.9852222222222222
0.9835555555555555
0.9785
0.9826666666666667
0.9794444444444445
0.9785555555555555
0.9847777777777778
0.9791111111111112
0.9787777777777777
0.9818333333333333
0.9839444444444444
0.9785
0.9826666666666667
0.9820555555555556
0.9814444444444445
0.9779444444444444
0.9823333333333333
0.9800555555555556
0.9836111111111111
0.9779444444444444
0.9821111111111112
0.9767222222222223
0.9836666666666667
0.9777222222222223
0.9762222222222222
0.9791666666666666
0.9753888888888889
0.9812777777777778
0.9842777777777778
0.9825555555555555
0.9823333333333333
0.9763333333333334
0.9820555555555556
0.9865
0.9823888888888889
0.9801666666666666
0.9853333333333333
0.9682222222222222
0.9760555555555556
0.9777222222222223
0.9802777777777778
0.9810555555555556
0.9830555555555556
0.9827222222222223
0.9837222222222223
0.9838333333333333
0.9863333333333333
0.9862222222222222
0.9860555555555556
0.9863333333333333
0.9870555555555556
0.985
0.9876666666666667
0.9853888888888889
0.9871666666666666
0.9865555555555555
0.9871111111111112
0.9866666666666667
0.9862777777777778
0.9863888888888889
0.9865555555555555
0.9868888888888889
0.9881111111111112
0.9871666666666666
0.9869444444444444
0.9873333333333333
0.9895555555555555
0.9891666666666666
0.9893888888888889
0.9887222222222222
0.9845
0.9878333333333333
0.9890555555555556
0.9886666666666667
0.9885555555555555
0.9875
0.989
0.9885
0.9888888888888889
0.9890555555555556
0.9874444444444445
0.9887777777777778
0.9893333333333333
0.9882777777777778
0.9889444444444444
0.9887222222222222
0.9902777777777778
0.9885555555555555
0.9878888888888889
0.9897777777777778
0.9907777777777778
0.9899444444444444
0.9911111111111112
0.9876111111111111
0.9898333333333333
0.9883888888888889
0.9865555555555555
0.9884444444444445
0.9884444444444445
0.9897777777777778
0.9904444444444445
0.9897777777777778
0.99
0.9899444444444444
0.9893888888888889
