0.7922222222222223
0.9375
0.8324444444444444
0.8600555555555556
0.9381111111111111
0.8347222222222223
0.8702222222222222
0.9392222222222222
0.824
0.9329444444444445
0.8631111111111112
0.9117222222222222
0.8522222222222222
0.9483888888888888
0.9076666666666666
0.8216666666666667
0.8487222222222223
0.6345
0.953
0.8726666666666667
0.8822777777777778
0.9587222222222223
0.9386666666666666
0.8582222222222222
0.7932777777777777
0.9342222222222222
0.9250555555555555
0.9422777777777778
0.9667222222222223
0.9161111111111111
0.8855
0.9050555555555555
0.9191666666666667
0.8674444444444445
0.958
0.8825
0.9656111111111111
0.9148333333333334
0.8702777777777778
0.9236111111111112
0.874
0.9471111111111111
0.7176666666666667
0.9392222222222222
0.9210555555555555
0.92
0.9268333333333333
0.9238333333333333
0.9275555555555556
0.8981666666666667
0.8548333333333333
0.8577222222222223
0.7452777777777778
0.8441111111111111
0.8993333333333333
0.8437222222222223
0.9153888888888889
0.8535
0.9456666666666667
0.9671666666666666
0.9230555555555555
0.9653333333333334
0.9487222222222222
0.9442222222222222
0.9532222222222222
0.9566666666666667
0.9706111111111111
0.9678888888888889
0.9698888888888889
0.9395555555555556
0.9618333333333333
0.9764444444444444
0.9681111111111111
0.9767222222222223
0.9761666666666666
0.9675555555555555
0.9283888888888889
0.9701111111111111
0.98
0.98
0.9570555555555555
0.9586666666666667
0.9715
0.967
0.9592777777777778
0.9709444444444445
0.9615555555555556
0.9642777777777778
0.9587222222222223
0.9751666666666666
0.9671111111111111
0.9630555555555556
0.97
0.9636666666666667
0.9693333333333334
0.9673888888888889
0.9794444444444445
0.9532222222222222
0.9363333333333334
0.9533333333333334
0.9835555555555555
0.9750555555555556
0.9752222222222222
0.9512777777777778
0.9853888888888889
0.9863888888888889
0.9743888888888889
0.9759444444444444
0.9772777777777778
0.9727222222222223
0.9731111111111111
0.9586111111111111
0.9877777777777778
0.9809444444444444
0.9603333333333334
0.9870555555555556
0.9824444444444445
0.9750555555555556
0.9505555555555556
0.9779444444444444
0.9773333333333334
0.983
0.9868333333333333
0.9882222222222222
0.9803888888888889
0.9857222222222223
0.9851111111111112
0.981
0.9806666666666667
0.977
0.9865555555555555
0.9837222222222223
0.9822222222222222
0.9838333333333333
0.9707777777777777
0.9882777777777778
0.989
0.9871111111111112
0.9882777777777778
0.9847777777777778
0.9878888888888889
0.9845
0.9891666666666666
0.9873333333333333
0.9865555555555555
0.9872777777777778
0.9873333333333333
0.9901666666666666
0.988
0.9918888888888889
0.9866666666666667
0.9869444444444444
0.9897222222222222
0.9913333333333333
0.9911111111111112
0.9889444444444444
0.9887222222222222
0.9908333333333333
0.9900555555555556
0.9887222222222222
0.9891111111111112
0.9885
0.9871111111111112
0.9902777777777778
0.9904444444444445
0.9835
0.9859444444444444
0.9893333333333333
0.9928888888888889
0.9908888888888889
0.9878888888888889
0.9923333333333333
0.9922222222222222
0.9906111111111111
0.9927777777777778
0.9919444444444444
0.9922777777777778
0.9920555555555556
0.9905555555555555
0.9933333333333333
