0.928
0.932625
0.9290833333333334
0.967875
0.9698333333333333
0.9699583333333334
0.9695416666666666
0.9707916666666667
0.9574583333333333
0.950875
0.97275
0.9666666666666667
0.9685416666666666
0.972875
0.968375
0.9569166666666666
0.9435
0.859125
0.9723333333333334
0.9709166666666667
0.96875
0.9665
0.9725
0.9757916666666666
0.97675
0.9659166666666666
0.9794583333333333
0.9702916666666667
0.9742916666666667
0.9781666666666666
0.958375
0.958125
0.96475
0.9734166666666667
0.9715
0.9703333333333334
0.9646666666666667
0.9724583333333333
0.96475
0.969625
0.972125
0.96925
0.961125
0.9720833333333333
0.9742083333333333
0.9702083333333333
0.9714166666666667
0.9672916666666667
0.971125
0.9507916666666667
0.9715416666666666
0.9765416666666666
0.9572916666666667
0.9728333333333333
0.954875
0.969
0.9603333333333334
0.9780416666666667
0.973875
0.9735416666666666
0.9799166666666667
0.9822083333333333
0.9830833333333333
0.98175
0.9825
0.9825
0.9818333333333333
0.9824583333333333
0.9814583333333333
0.9835
0.9819166666666667
0.982375
0.981125
0.9835
0.983
0.97975
0.9850416666666667
0.9803333333333333
0.9827916666666666
0.983625
0.9839166666666667
0.9853333333333333
0.9828333333333333
0.9815
0.981125
0.9838333333333333
0.9830416666666667
0.98225
0.980375
0.9845
0.975125
0.9845416666666666
0.9827083333333333
0.9845
0.983125
0.9840833333333333
0.9569583333333334
0.98325
0.9794166666666667
0.9809583333333334
0.9834166666666667
0.983375
0.9829583333333334
0.984
0.9787916666666666
0.9796666666666667
0.9793333333333333
0.9648333333333333
0.979375
0.96625
0.9832083333333334
0.9729583333333334
0.9805416666666666
0.9789166666666667
0.924
0.9752083333333333
0.9840416666666667
0.9581666666666667
0.9840833333333333
0.9792083333333333
0.983
0.9820416666666667
0.9787083333333333
0.9819166666666667
0.9846666666666667
0.9858333333333333
0.9851666666666666
0.9826666666666667
0.9852083333333334
0.9853333333333333
0.9825833333333334
0.985
0.984875
0.9753333333333334
0.9847916666666666
0.977625
0.9854166666666667
0.9859583333333334
0.9835416666666666
0.9803333333333333
0.9837083333333333
0.9816666666666667
0.9815833333333334
0.9856666666666667
0.9859166666666667
0.9718333333333333
0.9788333333333333
0.987875
0.9824583333333333
0.9837916666666666
0.9836666666666667
0.9825833333333334
0.9789166666666667
0.9664583333333333
0.9640416666666667
0.9802916666666667
0.970125
0.9667083333333333
0.982375
0.968
0.97875
0.9694583333333333
0.9814583333333333
0.9547083333333334
0.9728333333333333
0.969875
0.9851666666666666
0.9707083333333333
0.966375
0.9819583333333334
0.9857916666666666
0.97675
0.9664166666666667
0.981625
0.975375
0.9685416666666666
0.9782916666666667
0.9726666666666667
0.987125
0.9670833333333333
