0.7459166666666667
0.82175
0.7964583333333334
0.841375
0.8409166666666666
0.58675
0.830875
0.7129166666666666
0.8581666666666666
0.8520833333333333
0.8647083333333333
0.8256666666666667
0.8629583333333334
0.846875
0.8119166666666666
0.834875
0.8285416666666666
0.9005833333333333
0.856375
0.8514166666666667
0.866
0.8700416666666667
0.8577083333333333
0.8863333333333333
0.88475
0.8408333333333333
0.8455
0.8649166666666667
0.881125
0.822375
0.837375
0.882125
0.8859166666666667
0.897375
0.8906666666666667
0.8500416666666667
0.9105833333333333
0.879375
0.8606666666666667
0.889875
0.903375
0.874625
0.8112916666666666
0.835625
0.8154166666666667
0.8187916666666667
0.9018333333333334
0.9004583333333334
0.8891666666666667
0.9025
0.8714166666666666
0.8667916666666666
0.89875
0.9115
0.8465416666666666
0.892875
0.86025
0.8575
0.8942916666666667
0.8465
0.9262083333333333
0.927625
0.927125
0.9302083333333333
0.93025
0.929875
0.9317916666666667
0.929625
0.9295833333333333
0.92675
0.935375
0.9233333333333333
0.9367916666666667
0.929625
0.9335
0.9345
0.921125
0.922875
0.939125
0.9242916666666666
0.93575
0.9302083333333333
0.9307916666666667
0.9254583333333334
0.9466666666666667
0.9277083333333334
0.9369583333333333
0.9460833333333334
0.942625
0.9284166666666667
0.9325416666666667
0.93
0.9420416666666667
0.924875
0.9240416666666667
0.937375
0.93625
0.9362916666666666
0.9440833333333334
0.9335833333333333
0.943625
0.9371666666666667
0.9225416666666667
0.9474583333333333
0.9445
0.9394583333333333
0.943625
0.9320416666666667
0.9315833333333333
0.9492083333333333
0.9205833333333333
0.950875
0.9478333333333333
0.9482083333333333
0.947875
0.9471666666666667
0.9330416666666667
0.941375
0.9475
0.951
0.95225
0.946375
0.950625
0.9510416666666667
0.950375
0.9572083333333333
0.950375
0.9587083333333334
0.9582083333333333
0.9510833333333333
0.955
0.9599583333333334
0.9616666666666667
0.953375
0.9589583333333334
0.9580833333333333
0.9554583333333333
0.961375
0.953875
0.9589583333333334
0.9541666666666667
0.9524583333333333
0.9587916666666667
0.9602916666666667
0.9587083333333334
0.9598333333333333
0.9652916666666667
0.9640833333333333
0.9585416666666666
0.9560416666666667
0.9561666666666667
0.962
0.9575
0.9580833333333333
0.9612083333333333
0.9577083333333334
0.9609583333333334
0.9617083333333334
0.9551666666666667
0.9566666666666667
0.9583333333333334
0.9587083333333334
0.9601666666666666
0.9565416666666666
0.9624583333333333
0.9649166666666666
0.961375
0.95875
0.9611666666666666
0.9670416666666667
0.9620416666666667
0.967375
0.9665
0.9632083333333333
0.964125
0.9596666666666667
0.9627916666666667
0.9578333333333333
0.9674583333333333
0.963125
