0.8652083333333334
0.7400416666666667
0.8446666666666667
0.8724166666666666
0.8870416666666666
0.9158333333333334
0.918125
0.82625
0.6888333333333333
0.8857083333333333
0.921875
0.9077916666666667
0.8445
0.9019166666666667
0.8244583333333333
0.95225
0.8799166666666667
0.8350833333333333
0.9207916666666667
0.861125
0.8318333333333333
0.869
0.93425
0.9382083333333333
0.8999583333333333
0.8182083333333333
0.82625
0.8370416666666667
0.9053333333333333
0.9624583333333333
0.883625
0.9237083333333334
0.796
0.8749583333333333
0.8717083333333333
0.9150416666666666
0.9578333333333333
0.888125
0.49795833333333334
0.8902083333333334
0.845875
0.9425416666666667
0.9405416666666667
0.886375
0.8203333333333334
0.9521666666666667
0.9125416666666667
0.9561666666666667
0.9208333333333333
0.9085416666666667
0.8092916666666666
0.9436666666666667
0.8155833333333333
0.9647916666666667
0.9596666666666667
0.9354166666666667
0.9342083333333333
0.8634583333333333
0.8768333333333334
0.9584583333333333
0.9717083333333333
0.9774583333333333
0.9743333333333334
0.9568333333333333
0.963125
0.9754583333333333
0.971875
0.9690416666666667
0.9685416666666666
0.9525833333333333
0.968
0.9575833333333333
0.9620833333333333
0.9626666666666667
0.9700416666666667
0.96025
0.9615833333333333
0.9700416666666667
0.967
0.959125
0.9647083333333333
0.9612083333333333
0.9455833333333333
0.9705
0.96775
0.9589583333333334
0.9663333333333334
0.948875
0.9687083333333333
0.9494583333333333
0.9650833333333333
0.97475
0.96825
0.9550833333333333
0.9604166666666667
0.9614583333333333
0.9673333333333334
0.9436666666666667
0.9585
0.9484166666666667
0.974875
0.9427083333333334
0.9670416666666667
0.9665416666666666
0.9703333333333334
0.9549166666666666
0.93175
0.9657916666666667
0.972
0.9592916666666667
0.96925
0.96025
0.946875
0.941375
0.961625
0.9684166666666667
0.958625
0.9190416666666666
0.9602916666666667
0.9737083333333333
0.9768333333333333
0.975
0.97275
0.978625
0.9711666666666666
0.9755416666666666
0.9687083333333333
0.9760416666666667
0.973875
0.9727083333333333
0.9755416666666666
0.9745
0.9740416666666667
0.9719583333333334
0.9752083333333333
0.9774166666666667
0.9756666666666667
0.9715833333333334
0.9787916666666666
0.977875
0.9764166666666667
0.9723333333333334
0.9758333333333333
0.971
0.9782916666666667
0.974875
0.9785
0.978375
0.9782083333333333
0.975375
0.9788333333333333
0.979375
0.9703333333333334
0.9792083333333333
0.9789166666666667
0.9800833333333333
0.9819166666666667
0.980375
0.9723333333333334
0.9767083333333333
0.98175
0.9774166666666667
0.9745833333333334
0.967625
0.974375
0.9760416666666667
0.9745833333333334
0.977125
0.9730833333333333
0.9769583333333334
0.9729166666666667
0.977625
0.9757916666666666
0.9717083333333333
0.9805833333333334
0.975375
0.971375
0.9750833333333333
0.9785
0.9810416666666667
