0.6459444444444444
0.691
0.8185555555555556
0.8330555555555555
0.7793888888888889
0.7644444444444445
0.7949444444444445
0.8449444444444445
0.8012777777777778
0.8727777777777778
0.6391111111111111
0.8397222222222223
0.8031111111111111
0.7598333333333334
0.8942222222222223
0.7360555555555556
0.7648888888888888
0.8356111111111111
0.7268333333333333
0.8108888888888889
0.9037222222222222
0.8817222222222222
0.6263888888888889
0.7878888888888889
0.8288333333333333
0.89
0.8164444444444444
0.9177222222222222
0.8323333333333334
0.8451666666666666
0.8813888888888889
0.8948888888888888
0.8675555555555555
0.8913333333333333
0.8696111111111111
0.8622222222222222
0.9065
0.7863888888888889
0.8799444444444444
0.875
0.8817777777777778
0.8611111111111112
0.8214444444444444
0.8443888888888889
0.9141111111111111
0.8981111111111111
0.8722777777777778
0.8025
0.8092222222222222
0.8028888888888889
0.8890555555555556
0.8955
0.6422222222222222
0.8688333333333333
0.9144444444444444
0.9178333333333333
0.8353333333333334
0.8787777777777778
0.8958333333333334
0.8938333333333334
0.9421666666666667
0.9360555555555555
0.9441666666666667
0.9414444444444444
0.9393333333333334
0.9465
0.9411666666666667
0.9477777777777778
0.9484444444444444
0.9301111111111111
0.9383333333333334
0.9440555555555555
0.957
0.9522222222222222
0.9521666666666667
0.9520555555555555
0.9511111111111111
0.9489444444444445
0.947
0.9405
0.9552222222222222
0.9558333333333333
0.9562777777777778
0.9510555555555555
0.9473888888888888
0.9501666666666667
0.9491111111111111
0.9558888888888889
0.9574444444444444
0.9513888888888888
0.9598888888888889
0.9453888888888888
0.9592777777777778
0.9586666666666667
0.9527777777777777
0.9532222222222222
0.9552222222222222
0.9543333333333334
0.9632777777777778
0.9607777777777777
0.9591111111111111
0.9576666666666667
0.9481666666666667
0.9572777777777778
0.9547777777777777
0.9468888888888889
0.9547222222222222
0.9557222222222223
0.952
0.9596111111111111
0.9625555555555556
0.9532222222222222
0.9627777777777777
0.9471111111111111
0.9593333333333334
0.9582222222222222
0.9643333333333334
0.9621111111111111
0.961
0.9517777777777777
0.9668888888888889
0.9672777777777778
0.9693333333333334
0.9706111111111111
0.9687777777777777
0.9675555555555555
0.9657777777777777
0.9703333333333334
0.9697777777777777
0.9688888888888889
0.9551666666666667
0.9622777777777778
0.9673888888888889
0.9696666666666667
0.9663333333333334
0.9655
0.9687777777777777
0.9699444444444445
0.9693333333333334
0.9698888888888889
0.971
0.9709444444444445
0.9703333333333334
0.9729444444444444
0.9746111111111111
0.9696111111111111
0.9718333333333333
0.9642222222222222
0.9704444444444444
0.9731666666666666
0.9687777777777777
0.9687777777777777
0.9686111111111111
0.9677222222222223
0.973
0.9704444444444444
0.9679444444444445
0.9734444444444444
0.9728333333333333
0.9743888888888889
0.9737777777777777
0.9710555555555556
0.9713888888888889
0.9705555555555555
0.9726666666666667
0.9747222222222223
0.9714444444444444
0.9738888888888889
0.9737777777777777
0.9750555555555556
0.9749444444444444
0.9765555555555555
0.9743888888888889
0.9738888888888889
0.9738333333333333
0.9741666666666666
0.9652222222222222
0.9732222222222222
0.9723333333333334
0.9715555555555555
