0.8486666666666667
0.9111666666666667
0.97475
0.9566666666666667
0.90075
0.9835
0.95775
0.94
0.9465
0.9799166666666667
0.9540833333333333
0.9863333333333333
0.9776666666666667
0.96725
0.9759166666666667
0.9926666666666667
0.97975
0.9738333333333333
0.9668333333333333
0.98575
0.963
0.973
0.91375
0.9868333333333333
0.9829166666666667
0.9639166666666666
0.9741666666666666
0.9865
0.989
0.9480833333333333
0.986
0.9088333333333334
0.9754166666666667
0.9616666666666667
0.9595833333333333
0.98525
0.9815
0.9589166666666666
0.9845833333333334
0.9903333333333333
0.9911666666666666
0.98225
0.97025
0.97025
0.9836666666666667
0.9885833333333334
0.9736666666666667
0.9931666666666666
0.9910833333333333
0.9871666666666666
0.9673333333333334
0.99125
0.981
0.9909166666666667
0.9754166666666667
0.9815833333333334
0.984
0.99025
0.9901666666666666
0.9103333333333333
0.9925833333333334
0.9943333333333333
0.9929166666666667
0.993
0.99425
0.9945
0.993
0.9906666666666667
0.9946666666666667
0.99475
0.9960833333333333
0.9949166666666667
0.9935833333333334
0.9944166666666666
0.9936666666666667
0.9941666666666666
0.99275
0.9945
0.99575
0.9945833333333334
0.9940833333333333
0.9951666666666666
0.9945833333333334
0.9933333333333333
0.9936666666666667
0.9943333333333333
0.9965833333333334
0.99375
0.9945833333333334
0.99425
0.9959166666666667
0.9958333333333333
0.9946666666666667
0.9955833333333334
0.9955833333333334
0.9916666666666667
0.9928333333333333
0.9955
0.9954166666666666
0.9886666666666667
0.9955833333333334
0.9925833333333334
0.9878333333333333
0.9944166666666666
0.9941666666666666
0.99625
0.997
0.9933333333333333
0.9941666666666666
0.9934166666666666
0.99675
0.9959166666666667
0.99475
0.9950833333333333
0.99575
0.99525
0.9929166666666667
0.99625
0.9943333333333333
0.9961666666666666
0.9964166666666666
0.9971666666666666
0.9979166666666667
0.997
0.9960833333333333
0.99775
0.9969166666666667
0.9960833333333333
0.9976666666666667
0.9984166666666666
0.9964166666666666
0.9975
0.9970833333333333
0.9971666666666666
0.9970833333333333
0.9966666666666667
0.9974166666666666
0.997
0.9956666666666667
0.99675
0.997
0.996
0.9973333333333333
0.9955
0.9975
0.9965
0.997
0.9976666666666667
0.9970833333333333
0.9976666666666667
0.9975833333333334
0.9983333333333333
0.998
0.9965
0.9975833333333334
0.9975
0.9961666666666666
0.9980833333333333
0.99775
0.998
0.9974166666666666
0.9975833333333334
0.998
0.9979166666666667
0.9976666666666667
0.99725
0.9980833333333333
0.99725
0.998
0.9980833333333333
0.9984166666666666
0.9956666666666667
0.9981666666666666
0.997
0.9973333333333333
0.9979166666666667
0.9975
0.9980833333333333
0.9980833333333333
0.9975833333333334
