0.7607222222222222
0.7108333333333333
0.8003888888888889
0.8352777777777778
0.8603888888888889
0.829
0.7208888888888889
0.6921111111111111
0.8199444444444445
0.8698888888888889
0.8833333333333333
0.6777777777777778
0.8196666666666667
0.8008333333333333
0.8616111111111111
0.863
0.8910555555555556
0.8748333333333334
0.6415555555555555
0.8637222222222222
0.7936111111111112
0.7472222222222222
0.8059444444444445
0.8533888888888889
0.8526111111111111
0.7783888888888889
0.8785555555555555
0.868
0.9012777777777777
0.7946666666666666
0.869
0.7962777777777778
0.7681666666666667
0.8709444444444444
0.7884444444444444
0.8441666666666666
0.8808888888888889
0.8830555555555556
0.9002222222222223
0.9016111111111111
0.8725
0.8999444444444444
0.9040555555555555
0.8301111111111111
0.9067777777777778
0.8526666666666667
0.8745555555555555
0.8594444444444445
0.8930555555555556
0.8581666666666666
0.898
0.7818888888888889
0.8950555555555556
0.881
0.8606111111111111
0.7903333333333333
0.8803888888888889
0.8803888888888889
0.8724444444444445
0.8684444444444445
0.9202222222222223
0.9305
0.9328888888888889
0.921
0.9332777777777778
0.9333333333333333
0.9332222222222222
0.9330555555555555
0.9331666666666667
0.9347222222222222
0.9275
0.9325555555555556
0.935
0.9374444444444444
0.9356666666666666
0.9418888888888889
0.9338888888888889
0.9412222222222222
0.9356111111111111
0.9352222222222222
0.9422222222222222
0.9353888888888889
0.9426666666666667
0.9345555555555556
0.9392777777777778
0.9425
0.9336111111111111
0.9472777777777778
0.9363333333333334
0.9422777777777778
0.9386111111111111
0.9401111111111111
0.9323888888888889
0.9393333333333334
0.9479444444444445
0.9305555555555556
0.9378888888888889
0.9441111111111111
0.9465
0.9420555555555555
0.9432222222222222
0.9452222222222222
0.9445555555555556
0.9370555555555555
0.9443888888888889
0.9382222222222222
0.9245
0.9467222222222222
0.9396666666666667
0.9423888888888889
0.9451111111111111
0.9392222222222222
0.941
0.9423333333333334
0.9345555555555556
0.9420555555555555
0.9431666666666667
0.9452222222222222
0.9419444444444445
0.9427777777777778
0.9528333333333333
0.9528333333333333
0.9523888888888888
0.9547222222222222
0.9557777777777777
0.9537222222222222
0.9558333333333333
0.9562777777777778
0.955
0.9566666666666667
0.9551666666666667
0.9561666666666667
0.9557777777777777
0.9592222222222222
0.9586666666666667
0.9576111111111111
0.9593333333333334
0.9578333333333333
0.9598888888888889
0.9595
0.9592777777777778
0.9581666666666667
0.9605555555555556
0.9601111111111111
0.9596111111111111
0.9608333333333333
0.9596666666666667
0.9588333333333333
0.9580555555555555
0.9596111111111111
0.9616111111111111
0.9573333333333334
0.9568333333333333
0.9604444444444444
0.9605555555555556
0.9611666666666666
0.9617777777777777
0.9622777777777778
0.9602222222222222
0.9591666666666666
0.9612777777777778
0.9597222222222223
0.9608333333333333
0.9627777777777777
0.9588888888888889
0.9604444444444444
0.958
0.9598888888888889
0.9656111111111111
0.9597222222222223
0.961
0.9614444444444444
0.9638888888888889
0.9618333333333333
0.9594444444444444
0.9582222222222222
0.9597777777777777
0.9622777777777778
0.9635555555555556
0.9633888888888889
