0.8219583333333333
0.6442916666666667
0.672375
0.7873333333333333
0.818375
0.8575416666666666
0.7734583333333334
0.812
0.8877916666666666
0.8267916666666667
0.7355833333333334
0.8595
0.8654583333333333
0.7883333333333333
0.7119583333333334
0.7634583333333333
0.8836666666666667
0.777125
0.8411666666666666
0.844375
0.8540416666666667
0.8476666666666667
0.855875
0.8645
0.9155
0.8115833333333333
0.88425
0.8304583333333333
0.8727083333333333
0.8620833333333333
0.889125
0.7489166666666667
0.8495833333333334
0.8789583333333333
0.8505416666666666
0.8241666666666667
0.8600833333333333
0.902125
0.8713333333333333
0.8422916666666667
0.9183333333333333
0.8845416666666667
0.9119583333333333
0.9004583333333334
0.8502083333333333
0.8965416666666667
0.853875
0.8599583333333334
0.9069583333333333
0.8895
0.8647916666666666
0.9225833333333333
0.8355
0.9144583333333334
0.90925
0.8812083333333334
0.8977916666666667
0.9001666666666667
0.8385416666666666
0.8829583333333333
0.94125
0.9428333333333333
0.9469583333333333
0.9433333333333334
0.9494166666666667
0.9457083333333334
0.9503333333333334
0.9487916666666667
0.9514583333333333
0.950625
0.9491666666666667
0.9525416666666666
0.9544583333333333
0.952625
0.9548333333333333
0.949375
0.9502083333333333
0.9465
0.9523333333333334
0.9450416666666667
0.9496666666666667
0.9480833333333333
0.9479583333333333
0.949
0.9466666666666667
0.9479583333333333
0.948
0.956125
0.950875
0.9564166666666667
0.950625
0.953875
0.9478333333333333
0.9491666666666667
0.953375
0.943375
0.9515
0.9544166666666667
0.962125
0.9545833333333333
0.9507916666666667
0.95325
0.9499583333333333
0.9607916666666667
0.9309166666666666
0.942625
0.945625
0.9511666666666667
0.963875
0.9437083333333334
0.9480416666666667
0.9595833333333333
0.9447083333333334
0.9512916666666666
0.94225
0.9515416666666666
0.9466666666666667
0.9454166666666667
0.9385416666666667
0.9585833333333333
0.954625
0.9619166666666666
0.9639166666666666
0.9645416666666666
0.9634583333333333
0.9632083333333333
0.96475
0.966
0.9642083333333333
0.9678333333333333
0.9672083333333333
0.9635833333333333
0.9605
0.9622916666666667
0.96625
0.964125
0.9675833333333334
0.9687916666666667
0.96925
0.966875
0.9698333333333333
0.9701666666666666
0.9695416666666666
0.969875
0.9697916666666667
0.9689583333333334
0.97325
0.9693333333333334
0.967625
0.972375
0.97
0.9701666666666666
0.97025
0.96925
0.97225
0.9681666666666666
0.968125
0.970875
0.9744166666666667
0.9650416666666667
0.9695
0.9678333333333333
0.9706666666666667
0.9694583333333333
0.973875
0.9705
0.9722083333333333
0.970625
0.9692916666666667
0.974125
0.9739166666666667
0.9722083333333333
0.975625
0.973
0.9717916666666667
0.97225
0.97075
0.9734583333333333
0.9740416666666667
0.9702916666666667
