0.49133333333333334
0.85675
0.9090833333333334
0.9895
0.9640833333333333
0.9613333333333334
0.97675
0.9195
0.9849166666666667
0.9833333333333333
0.93675
0.9734166666666667
0.9831666666666666
0.9684166666666667
0.944
0.9713333333333334
0.9414166666666667
0.9713333333333334
0.9825833333333334
0.9655833333333333
0.9806666666666667
0.9906666666666667
0.9724166666666667
0.96625
0.8385833333333333
0.9915
0.9816666666666667
0.9825
0.9205
0.96675
0.9623333333333334
0.97075
0.98875
0.9895
0.95825
0.97825
0.9444166666666667
0.9044166666666666
0.81875
0.9533333333333334
0.93525
0.94125
0.9718333333333333
0.9675833333333334
0.9646666666666667
0.9723333333333334
0.979
0.9834166666666667
0.96325
0.9063333333333333
0.9400833333333334
0.9036666666666666
0.9915833333333334
0.9538333333333333
0.9589166666666666
0.9925
0.9908333333333333
0.9136666666666666
0.9848333333333333
0.9584166666666667
0.9863333333333333
0.986
0.9861666666666666
0.9890833333333333
0.9889166666666667
0.9939166666666667
0.98525
0.9884166666666667
0.9928333333333333
0.9886666666666667
0.98975
0.9844166666666667
0.9853333333333333
0.9836666666666667
0.9883333333333333
0.9819166666666667
0.9924166666666666
0.9881666666666666
0.9864166666666667
0.9856666666666667
0.984
0.979
0.9856666666666667
0.9853333333333333
0.98325
0.9885
0.9823333333333333
0.9869166666666667
0.985
0.98625
0.9886666666666667
0.9885
0.9823333333333333
0.98425
0.9900833333333333
0.9896666666666667
0.9903333333333333
0.9883333333333333
0.9863333333333333
0.986
0.989
0.988
0.9891666666666666
0.9906666666666667
0.9846666666666667
0.983
0.9936666666666667
0.9881666666666666
0.9915833333333334
0.9615833333333333
0.98625
0.9805
0.9925
0.9936666666666667
0.9918333333333333
0.993
0.99125
0.9873333333333333
0.9905
0.9915833333333334
0.988
0.99275
0.9918333333333333
0.991
0.9928333333333333
0.9858333333333333
0.9906666666666667
0.99125
0.9928333333333333
0.9910833333333333
0.9925833333333334
0.9916666666666667
0.9925
0.9925833333333334
0.99275
0.991
0.99375
0.991
0.9916666666666667
0.9916666666666667
0.9931666666666666
0.99425
0.99325
0.9945
0.992
0.9913333333333333
0.9916666666666667
0.9921666666666666
0.9910833333333333
0.9934166666666666
0.99275
0.9895
0.9931666666666666
0.9944166666666666
0.995
0.9938333333333333
0.9936666666666667
0.9920833333333333
0.9921666666666666
0.9938333333333333
0.994
0.9935833333333334
0.9938333333333333
0.9915
0.9923333333333333
0.9901666666666666
0.9935833333333334
0.9914166666666666
0.9955833333333334
0.9880833333333333
0.99525
0.9926666666666667
0.9879166666666667
0.99125
0.995
0.9921666666666666
0.99425
0.9941666666666666
0.9939166666666667
0.9955
