0.8667916666666666
0.9515416666666666
0.9304166666666667
0.9025416666666667
0.9125
0.92725
0.9537083333333334
0.937375
0.95875
0.928
0.8832916666666667
0.891625
0.9468333333333333
0.9656666666666667
0.96975
0.94775
0.95775
0.9270833333333334
0.9687916666666667
0.968875
0.9764583333333333
0.9315416666666667
0.9276666666666666
0.958
0.97925
0.9642083333333333
0.9815416666666666
0.9785
0.9627916666666667
0.9611666666666666
0.96175
0.9772083333333333
0.9590833333333333
0.9800416666666667
0.943625
0.9281666666666667
0.9791666666666666
0.9605416666666666
0.9563333333333334
0.9633333333333334
0.9575833333333333
0.9646666666666667
0.948875
0.9695
0.976625
0.8795
0.9500833333333333
0.9153333333333333
0.9736666666666667
0.953125
0.969625
0.9396666666666667
0.9537916666666667
0.9755
0.9722083333333333
0.982
0.9558333333333333
0.9767916666666666
0.9689166666666666
0.9717083333333333
0.9878333333333333
0.98575
0.9874166666666667
0.9916666666666667
0.9910833333333333
0.9891666666666666
0.9839583333333334
0.9847916666666666
0.98575
0.9877916666666666
0.9887083333333333
0.98525
0.9845416666666666
0.9915416666666667
0.9890833333333333
0.9831666666666666
0.9837083333333333
0.9872916666666667
0.9886666666666667
0.9909166666666667
0.9807916666666666
0.9877916666666666
0.987625
0.9865
0.9900416666666667
0.9907916666666666
0.9895
0.9897916666666666
0.9895
0.9900416666666667
0.9897916666666666
0.989125
0.9872916666666667
0.9865
0.9894583333333333
0.986125
0.9759583333333334
0.985375
0.9894583333333333
0.9872916666666667
0.9865
0.9815416666666666
0.9841666666666666
0.9865833333333334
0.989
0.994
0.9877083333333333
0.9890416666666667
0.989875
0.9784583333333333
0.9896666666666667
0.989375
0.9835
0.9782083333333333
0.9889166666666667
0.9868333333333333
0.9875
0.9883333333333333
0.98475
0.9895416666666667
0.991125
0.9917083333333333
0.99325
0.99425
0.992875
0.992875
0.99275
0.992625
0.992
0.9937083333333333
0.9929583333333334
0.9928333333333333
0.9931666666666666
0.993875
0.9932916666666667
0.9942916666666667
0.9936666666666667
0.9934583333333333
0.9943333333333333
0.99375
0.9944583333333333
0.9920416666666667
0.9943333333333333
0.993625
0.9940833333333333
0.9944166666666666
0.9917916666666666
0.9932916666666667
0.9941666666666666
0.9947083333333333
0.9940416666666667
0.9947916666666666
0.9947083333333333
0.9946666666666667
0.9939166666666667
0.9940416666666667
0.9954166666666666
0.9936666666666667
0.99475
0.9938333333333333
0.99575
0.994375
0.9948333333333333
0.99275
0.99425
0.9933333333333333
0.9945416666666667
0.994375
0.994125
0.994875
0.9957083333333333
0.9946666666666667
0.9952083333333334
0.99425
0.993125
0.9947916666666666
0.994875
0.99475
0.9964583333333333
0.9949166666666667
