0.8822222222222222
0.9171111111111111
0.9361666666666667
0.9257777777777778
0.9474444444444444
0.9358888888888889
0.9536111111111111
0.9532777777777778
0.9557777777777777
0.9452777777777778
0.8727777777777778
0.9078888888888889
0.8861111111111111
0.9507777777777778
0.9490555555555555
0.9595
0.8868888888888888
0.9449444444444445
0.9581111111111111
0.932
0.8317222222222223
0.9645555555555556
0.9563888888888888
0.9575555555555556
0.9581666666666667
0.9566111111111111
0.9612222222222222
0.9595
0.9504444444444444
0.9613888888888888
0.9491111111111111
0.938
0.9600555555555556
0.967
0.9472777777777778
0.9353333333333333
0.9411111111111111
0.9481111111111111
0.9657777777777777
0.9577777777777777
0.9555
0.897
0.9679444444444445
0.9239444444444445
0.8826666666666667
0.9556666666666667
0.9635
0.9448888888888889
0.9564444444444444
0.9287777777777778
0.9677777777777777
0.9675
0.9607777777777777
0.9562777777777778
0.9353888888888889
0.9555555555555556
0.9525555555555556
0.9395555555555556
0.9492777777777778
0.9693333333333334
0.9683888888888889
0.9676666666666667
0.9727222222222223
0.9715
0.9716666666666667
0.9647777777777777
0.9702222222222222
0.9723888888888889
0.9756111111111111
0.9761111111111112
0.9732777777777778
0.971
0.9692777777777778
0.9731666666666666
0.9773888888888889
0.9671111111111111
0.9695
0.973
0.9742222222222222
0.9677777777777777
0.9718888888888889
0.9721111111111111
0.9743333333333334
0.9697777777777777
0.9742777777777778
0.9739444444444444
0.9771111111111112
0.9668333333333333
0.9785
0.9692222222222222
0.9745555555555555
0.9716666666666667
0.9771666666666666
0.9673888888888889
0.9711666666666666
0.9698888888888889
0.9732777777777778
0.9656111111111111
0.9720555555555556
0.9739444444444444
0.9746111111111111
0.9633888888888889
0.9563333333333334
0.9741666666666666
0.9672222222222222
0.9731666666666666
0.9684444444444444
0.9758333333333333
0.9691111111111111
0.9767777777777777
0.9610555555555556
0.978
0.9733333333333334
0.9761666666666666
0.9779444444444444
0.9757777777777777
0.9826666666666667
0.9739444444444444
0.9717222222222223
0.9675
0.9762777777777778
0.9770555555555556
0.9787777777777777
0.9783888888888889
0.9775555555555555
0.9762777777777778
0.9743333333333334
0.9783888888888889
0.9777222222222223
0.977
0.9797222222222223
0.9815555555555555
0.9770555555555556
0.9806111111111111
0.9777777777777777
0.9811666666666666
0.9806666666666667
0.9797777777777777
0.9806666666666667
0.9803888888888889
0.9802777777777778
0.9750555555555556
0.9790555555555556
0.9807777777777777
0.9788888888888889
0.9773888888888889
0.9757222222222223
0.9801666666666666
0.9826666666666667
0.9767222222222223
0.9771111111111112
0.978
0.981
0.9777777777777777
0.9803333333333333
0.977
0.9795555555555555
0.9786111111111111
0.9808333333333333
0.9818333333333333
0.9791666666666666
0.9784444444444444
0.9793333333333333
0.9783333333333334
0.9770555555555556
0.9801666666666666
0.9827777777777778
0.9801111111111112
0.9826666666666667
0.9791666666666666
0.9761666666666666
0.9780555555555556
0.9797777777777777
0.9798333333333333
0.9808333333333333
0.9834444444444445
0.9816666666666667
0.9816666666666667
0.979
0.9782777777777778
