0.9034444444444445
0.9266111111111112
0.9288888888888889
0.9
0.8398333333333333
0.6236111111111111
0.8188888888888889
0.916
0.8327777777777777
0.9426111111111111
0.9037222222222222
0.9057222222222222
0.8850555555555556
0.7666666666666667
0.8867777777777778
0.869
0.8135555555555556
0.9036666666666666
0.8925555555555555
0.86
0.8252222222222222
0.9256111111111112
0.9024444444444445
0.8819444444444444
0.8957222222222222
0.9398333333333333
0.9358888888888889
0.7763888888888889
0.9142222222222223
0.9073888888888889
0.8801666666666667
0.8555555555555555
0.9285
0.8213333333333334
0.8998333333333334
0.9106666666666666
0.8988888888888888
0.8112777777777778
0.9341111111111111
0.9340555555555555
0.9137777777777778
0.8976111111111111
0.8751666666666666
0.8770555555555556
0.9034444444444445
0.8508333333333333
0.9288888888888889
0.9512777777777778
0.8456666666666667
0.864
0.9435
0.8679444444444444
0.9330555555555555
0.9031111111111111
0.9143888888888889
0.7656666666666667
0.7568888888888889
0.9258333333333333
0.8937777777777778
0.9432222222222222
0.9535
0.9660555555555556
0.959
0.9608333333333333
0.9505
0.9612222222222222
0.9607777777777777
0.956
0.9663888888888889
0.9578888888888889
0.9626111111111111
0.9646666666666667
0.9465555555555556
0.9551666666666667
0.9492777777777778
0.9643333333333334
0.9593333333333334
0.9648888888888889
0.9587222222222223
0.9566111111111111
0.9257777777777778
0.9595555555555556
0.9548333333333333
0.9375
0.9721111111111111
0.9628333333333333
0.9641666666666666
0.9575
0.9372777777777778
0.9678333333333333
0.9598888888888889
0.9631666666666666
0.9653888888888889
0.9692222222222222
0.9664444444444444
0.9686111111111111
0.9684444444444444
0.9665555555555555
0.9695555555555555
0.9740555555555556
0.9617777777777777
0.9717777777777777
0.9738888888888889
0.9628333333333333
0.9697222222222223
0.9747777777777777
0.9728888888888889
0.9746111111111111
0.9623333333333334
0.9708333333333333
0.9603888888888888
0.9416666666666667
0.9556666666666667
0.9743888888888889
0.9325555555555556
0.9755555555555555
0.9692777777777778
0.9635
0.9730555555555556
0.9591666666666666
0.9788333333333333
0.9724444444444444
0.9786111111111111
0.9791666666666666
0.9788888888888889
0.9796111111111111
0.9821666666666666
0.9791666666666666
0.9791666666666666
0.9811111111111112
0.9794444444444445
0.9802222222222222
0.9816111111111111
0.9835
0.9784444444444444
0.9826111111111111
0.9793888888888889
0.9806666666666667
0.983
0.9796111111111111
0.9834444444444445
0.9806111111111111
0.9826666666666667
0.9823888888888889
0.9825
0.9776111111111111
0.979
0.9827777777777778
0.9763333333333334
0.9828333333333333
0.9832777777777778
0.9839444444444444
0.9837777777777778
0.9791666666666666
0.9806111111111111
0.9828333333333333
0.9776666666666667
0.9829444444444444
0.9813888888888889
0.9826666666666667
0.9821666666666666
0.9787222222222223
0.9782777777777778
0.9815
0.9832222222222222
0.9835
0.9751666666666666
0.9835555555555555
0.9826111111111111
0.9844444444444445
0.9855
0.9837222222222223
0.9821666666666666
0.9824444444444445
0.9796666666666667
0.9818333333333333
0.9827777777777778
0.9826666666666667
0.9802777777777778
0.9816666666666667
