0.6995
0.8470833333333333
0.8895833333333333
0.87525
0.8601666666666666
0.86725
0.8935
0.6019166666666667
0.8418333333333333
0.8715
0.8530833333333333
0.9131666666666667
0.7899166666666667
0.63775
0.7065
0.7458333333333333
0.8561666666666666
0.9418333333333333
0.9075
0.9326666666666666
0.8561666666666666
0.8289166666666666
0.9004166666666666
0.834
0.895
0.9335833333333333
0.8673333333333333
0.897
0.9190833333333334
0.8918333333333334
0.8395
0.8883333333333333
0.9224166666666667
0.76
0.8318333333333333
0.7949166666666667
0.919
0.8979166666666667
0.9074166666666666
0.922
0.8250833333333333
0.9170833333333334
0.9074166666666666
0.8720833333333333
0.838
0.8126666666666666
0.944
0.8965
0.90025
0.8160833333333334
0.935
0.6525833333333333
0.8199166666666666
0.8249166666666666
0.9016666666666666
0.9135
0.8633333333333333
0.92325
0.8775
0.8895
0.9253333333333333
0.9425
0.9236666666666666
0.9293333333333333
0.9241666666666667
0.9369166666666666
0.9486666666666667
0.9246666666666666
0.93025
0.9375833333333333
0.93275
0.93425
0.9443333333333334
0.9450833333333334
0.9418333333333333
0.9396666666666667
0.946
0.9275
0.9434166666666667
0.82675
0.9508333333333333
0.9636666666666667
0.9508333333333333
0.9375
0.939
0.95675
0.9529166666666666
0.8839166666666667
0.942
0.94825
0.9381666666666667
0.9338333333333333
0.8314166666666667
0.9450833333333334
0.9511666666666667
0.95175
0.96725
0.9645833333333333
0.9524166666666667
0.9468333333333333
0.9585833333333333
0.9534166666666667
0.9594166666666667
0.9286666666666666
0.9574166666666667
0.951
0.9348333333333333
0.9653333333333334
0.9478333333333333
0.9443333333333334
0.9528333333333333
0.9673333333333334
0.9605833333333333
0.9610833333333333
0.9628333333333333
0.97
0.9551666666666667
0.9638333333333333
0.943
0.9623333333333334
0.9673333333333334
0.9666666666666667
0.9688333333333333
0.9641666666666666
0.9666666666666667
0.9701666666666666
0.9710833333333333
0.9710833333333333
0.9678333333333333
0.9699166666666666
0.9714166666666667
0.9724166666666667
0.97375
0.97425
0.9705
0.9718333333333333
0.97075
0.9645
0.9670833333333333
0.9691666666666666
0.97
0.9739166666666667
0.9686666666666667
0.9606666666666667
0.9685
0.9674166666666667
0.9690833333333333
0.9683333333333334
0.9723333333333334
0.9726666666666667
0.97325
0.97075
0.97175
0.976
0.9736666666666667
0.9693333333333334
0.9706666666666667
0.9693333333333334
0.9729166666666667
0.9764166666666667
0.973
0.9731666666666666
0.9699166666666666
0.9765
0.9721666666666666
0.9755833333333334
0.96975
0.9731666666666666
0.9739166666666667
0.9718333333333333
0.97275
0.9725
0.9729166666666667
0.9746666666666667
0.9666666666666667
0.96625
0.9719166666666667
0.97225
0.97275
0.9714166666666667
