0.9739166666666667
0.93925
0.9348333333333333
0.8736666666666667
0.9459166666666666
0.9014166666666666
0.8175833333333333
0.8686666666666667
0.9643333333333334
0.92225
0.75825
0.911
0.9648333333333333
0.7406666666666667
0.9085833333333333
0.8889166666666667
0.9655833333333333
0.8855
0.8975
0.7714166666666666
0.86625
0.7968333333333333
0.9525833333333333
0.7725
0.80225
0.77575
0.7964166666666667
0.869
0.8706666666666667
0.7176666666666667
0.8201666666666667
0.8433333333333334
0.72725
0.8683333333333333
0.9284166666666667
0.9165833333333333
0.8620833333333333
0.43066666666666664
0.8374166666666667
0.9069166666666667
0.8886666666666667
0.6393333333333333
0.9578333333333333
0.96425
0.9251666666666667
0.8764166666666666
0.7800833333333334
0.9518333333333333
0.9163333333333333
0.88825
0.9023333333333333
0.9019166666666667
0.8950833333333333
0.952
0.857
0.88875
0.8598333333333333
0.88025
0.8285833333333333
0.8656666666666667
0.8776666666666667
0.8963333333333333
0.8616666666666667
0.8785
0.88375
0.8698333333333333
0.87525
0.8424166666666667
0.89875
0.87275
0.8871666666666667
0.8726666666666667
0.8823333333333333
0.8880833333333333
0.8911666666666667
0.9038333333333334
0.899
0.9138333333333334
0.8764166666666666
0.89725
0.8808333333333334
0.87425
0.9129166666666667
0.86825
0.8785
0.8989166666666667
0.9054166666666666
0.8685
0.8960833333333333
0.8874166666666666
0.8713333333333333
0.92625
0.90675
0.9141666666666667
0.8931666666666667
0.9221666666666667
0.9048333333333334
0.9026666666666666
0.9148333333333334
0.91325
0.887
0.8901666666666667
0.91325
0.93475
0.92
0.9078333333333334
0.9116666666666666
0.9073333333333333
0.8975
0.85025
0.9038333333333334
0.9210833333333334
0.9076666666666666
0.8814166666666666
0.8876666666666667
0.88475
0.9434166666666667
0.93125
0.9178333333333333
0.88
0.9078333333333334
0.9304166666666667
0.9251666666666667
0.93325
0.93125
0.9285
0.9349166666666666
0.9264166666666667
0.9353333333333333
0.9318333333333333
0.9234166666666667
0.9095
0.92025
0.93125
0.9258333333333333
0.9201666666666667
0.92675
0.9300833333333334
0.9285833333333333
0.9306666666666666
0.92875
0.9275833333333333
0.9288333333333333
0.9245833333333333
0.9303333333333333
0.93725
0.9323333333333333
0.9338333333333333
0.9385833333333333
0.9275833333333333
0.9265833333333333
0.9286666666666666
0.9318333333333333
0.9311666666666667
0.9328333333333333
0.93125
0.93075
0.9255833333333333
0.9271666666666667
0.9341666666666667
0.9294166666666667
0.9379166666666666
0.9320833333333334
0.9264166666666667
0.93425
0.9415833333333333
0.93525
0.9364166666666667
0.929
0.93575
0.93725
0.9363333333333334
0.9291666666666667
0.9349166666666666
0.9389166666666666
0.9299166666666666
0.94375
0.9205
0.93175
0.9415
