0.7682916666666667
0.9179583333333333
0.921125
0.9314583333333334
0.913375
0.7609166666666667
0.9467916666666667
0.9149166666666667
0.958375
0.9317083333333334
0.9034583333333334
0.7895833333333333
0.7787916666666667
0.9327916666666667
0.9338333333333333
0.9555416666666666
0.9507083333333334
0.91875
0.9092916666666667
0.913375
0.9420833333333334
0.902375
0.8855833333333333
0.918125
0.9269583333333333
0.950375
0.8295833333333333
0.936
0.869125
0.6665416666666667
0.96325
0.9412083333333333
0.9510416666666667
0.95175
0.9587083333333334
0.9426666666666667
0.951125
0.9493333333333334
0.9563333333333334
0.9260833333333334
0.9292083333333333
0.95175
0.916375
0.931875
0.907625
0.9165
0.955875
0.8925
0.9581666666666667
0.9284583333333334
0.96525
0.849625
0.882125
0.95125
0.948
0.9636666666666667
0.948625
0.9629583333333334
0.9215833333333333
0.9437083333333334
0.9737916666666667
0.9744166666666667
0.9715416666666666
0.9700416666666667
0.9721666666666666
0.9527083333333334
0.9710833333333333
0.94725
0.9732083333333333
0.9683333333333334
0.9522916666666666
0.9559583333333334
0.9646666666666667
0.9607916666666667
0.9384583333333333
0.963
0.9599166666666666
0.9598333333333333
0.963
0.9574583333333333
0.9489583333333333
0.9612083333333333
0.9564166666666667
0.959625
0.9699166666666666
0.9467916666666667
0.9737083333333333
0.9656666666666667
0.94325
0.9615
0.9715416666666666
0.9549166666666666
0.9626666666666667
0.9748333333333333
0.9725
0.94175
0.9649583333333334
0.9665416666666666
0.970875
0.96275
0.9729583333333334
0.9643333333333334
0.9354583333333333
0.974875
0.974125
0.9562083333333333
0.9758333333333333
0.9738333333333333
0.966625
0.9644583333333333
0.97
0.9425416666666667
0.9607916666666667
0.9689583333333334
0.97325
0.969375
0.977125
0.973875
0.9555
0.971875
0.9762083333333333
0.9764166666666667
0.9794583333333333
0.9799583333333334
0.97675
0.978125
0.9792916666666667
0.97825
0.981125
0.978875
0.9785416666666666
0.9786666666666667
0.979125
0.9785833333333334
0.976625
0.9793333333333333
0.9774166666666667
0.9812916666666667
0.9815833333333334
0.9778333333333333
0.9791666666666666
0.9829166666666667
0.979875
0.977375
0.9775416666666666
0.9805833333333334
0.9801666666666666
0.983375
0.9820833333333333
0.9829166666666667
0.9816666666666667
0.982375
0.982625
0.98175
0.9804166666666667
0.9845833333333334
0.9840833333333333
0.98325
0.9795833333333334
0.97975
0.982625
0.9825416666666666
0.9825833333333334
0.981
0.9814583333333333
0.9809583333333334
0.9843333333333333
0.983625
0.9825416666666666
0.9814583333333333
0.983375
0.980375
0.9814166666666667
0.9842916666666667
0.9829583333333334
0.983
0.98225
0.9829583333333334
0.983125
0.9830416666666667
