0.9035
0.8386666666666667
0.92
0.9076111111111111
0.8698888888888889
0.8194444444444444
0.8212222222222222
0.8848888888888888
0.8914444444444445
0.8075
0.6727777777777778
0.8381666666666666
0.7787222222222222
0.8594444444444445
0.7615
0.8481666666666666
0.9666666666666667
0.7246666666666667
0.7661666666666667
0.8803888888888889
0.9400555555555555
0.9063888888888889
0.9485555555555556
0.8604444444444445
0.9017777777777778
0.8475
0.9538888888888889
0.8738888888888889
0.8647222222222222
0.9100555555555555
0.8912777777777777
0.8965555555555556
0.9010555555555556
0.734
0.9707222222222223
0.8893888888888889
0.8635
0.753
0.9461666666666667
0.9704444444444444
0.9163333333333333
0.9293333333333333
0.8080555555555555
0.8849444444444444
0.9383888888888889
0.9037777777777778
0.9409444444444445
0.9477222222222222
0.9363333333333334
0.9756111111111111
0.8890555555555556
0.9486666666666667
0.9211666666666667
0.9415
0.6662777777777777
0.8766666666666667
0.9127222222222222
0.9092222222222223
0.9588333333333333
0.8827777777777778
0.9491111111111111
0.9641666666666666
0.9603333333333334
0.9493333333333334
0.9306666666666666
0.9513888888888888
0.9476666666666667
0.9552222222222222
0.9504444444444444
0.9272222222222222
0.9548333333333333
0.9557222222222223
0.9592777777777778
0.9602777777777778
0.9473333333333334
0.9532777777777778
0.9443333333333334
0.9412222222222222
0.9602777777777778
0.939
0.9552222222222222
0.9171111111111111
0.9013888888888889
0.9433888888888889
0.9516666666666667
0.9675
0.9415
0.9355
0.9501666666666667
0.9371666666666667
0.8782222222222222
0.948
0.9701666666666666
0.9344444444444444
0.9607777777777777
0.9522777777777778
0.9405
0.9496111111111111
0.9673888888888889
0.9457222222222222
0.9496111111111111
0.9369444444444445
0.931
0.9444444444444444
0.9189444444444445
0.9563333333333334
0.9375555555555556
0.9667777777777777
0.9499444444444445
0.9392222222222222
0.9521666666666667
0.9547777777777777
0.9054444444444445
0.9445555555555556
0.9365555555555556
0.9590555555555556
0.9428888888888889
0.9570555555555555
0.9575
0.938
0.9553888888888888
0.9427777777777778
0.9391111111111111
0.9453333333333334
0.9444444444444444
0.9413333333333334
0.9291111111111111
0.9285555555555556
0.9413888888888889
0.937
0.945
0.9483333333333334
0.9356666666666666
0.9334444444444444
0.9381666666666667
0.9467222222222222
0.9501111111111111
0.9465555555555556
0.9449444444444445
0.9471111111111111
0.9534444444444444
0.9491666666666667
0.9521111111111111
0.9426111111111111
0.9491111111111111
0.9546666666666667
0.9546666666666667
0.9541111111111111
0.9572777777777778
0.9512777777777778
0.9351111111111111
0.9407777777777778
0.9390555555555555
0.9518333333333333
0.9501111111111111
0.9490555555555555
0.9618333333333333
0.9517777777777777
0.9517222222222222
0.9537777777777777
0.9601111111111111
0.9483333333333334
0.9582777777777778
0.9572777777777778
0.9508888888888889
0.9614444444444444
0.9603333333333334
0.9522222222222222
0.9601111111111111
0.9534444444444444
0.953
0.9543888888888888
0.9548888888888889
0.9513888888888888
0.9555
0.9617222222222223
0.9531666666666667
0.9585
0.9455555555555556
0.9503888888888888
