0.936
0.9510833333333333
0.9636666666666667
0.9708333333333333
0.9418333333333333
0.89475
0.96975
0.8865833333333333
0.93725
0.9616666666666667
0.7658333333333334
0.9431666666666667
0.9781666666666666
0.8705
0.9720833333333333
0.9488333333333333
0.8598333333333333
0.976
0.9445833333333333
0.8979166666666667
0.6241666666666666
0.9199166666666667
0.9356666666666666
0.98025
0.9689166666666666
0.7435
0.9605833333333333
0.9486666666666667
0.6846666666666666
0.925
0.6035
0.9168333333333333
0.8694166666666666
0.9795833333333334
0.79725
0.932
0.7670833333333333
0.9534166666666667
0.9386666666666666
0.9473333333333334
0.9096666666666666
0.9251666666666667
0.975
0.958
0.95125
0.9649166666666666
0.9876666666666667
0.9569166666666666
0.8798333333333334
0.9575833333333333
0.9373333333333334
0.9343333333333333
0.9628333333333333
0.9285
0.9535
0.8471666666666666
0.92975
0.8715
0.8725
0.9586666666666667
0.9625
0.9693333333333334
0.9654166666666667
0.9555
0.94925
0.957
0.9599166666666666
0.9489166666666666
0.95525
0.9683333333333334
0.9596666666666667
0.94725
0.948
0.9575833333333333
0.9655833333333333
0.93325
0.9596666666666667
0.9551666666666667
0.941
0.9363333333333334
0.9704166666666667
0.9645
0.9281666666666667
0.9521666666666667
0.9478333333333333
0.9529166666666666
0.9060833333333334
0.9526666666666667
0.9428333333333333
0.9190833333333334
0.9310833333333334
0.9575833333333333
0.9471666666666667
0.9566666666666667
0.9484166666666667
0.9479166666666666
0.9431666666666667
0.9549166666666666
0.9608333333333333
0.974
0.9559166666666666
0.96775
0.9616666666666667
0.93075
0.95925
0.94025
0.9619166666666666
0.9325833333333333
0.94875
0.9569166666666666
0.9385833333333333
0.968
0.96275
0.9623333333333334
0.9296666666666666
0.9545
0.9640833333333333
0.9570833333333333
0.9689166666666666
0.9730833333333333
0.9589166666666666
0.9674166666666667
0.9685833333333334
0.9619166666666666
0.9515833333333333
0.96975
0.9681666666666666
0.96575
0.9681666666666666
0.9618333333333333
0.9605
0.9713333333333334
0.9606666666666667
0.9649166666666666
0.96075
0.957
0.9683333333333334
0.9675833333333334
0.9666666666666667
0.9705
0.9661666666666666
0.9580833333333333
0.96275
0.9673333333333334
0.9653333333333334
0.9721666666666666
0.96475
0.9595
0.96475
0.9685
0.9586666666666667
0.971
0.9699166666666666
0.962
0.96575
0.973
0.9664166666666667
0.96475
0.9730833333333333
0.9685833333333334
0.9650833333333333
0.9688333333333333
0.9685833333333334
0.974
0.9715
0.9665833333333333
0.96975
0.9614166666666667
0.9694166666666667
0.9725833333333334
0.9670833333333333
0.971
0.9716666666666667
0.9629166666666666
0.971
0.9751666666666666
0.969
0.96175
0.9660833333333333
0.9713333333333334
