0.6456
0.63105
0.68075
0.7803
0.8021
0.7711
0.7396
0.8096
0.77885
0.81675
0.80765
0.82855
0.83475
0.8767
0.81555
0.86935
0.89045
0.8465
0.8743
0.9008
0.9111
0.85825
0.9039
0.8911
0.8746
0.906
0.9002
0.91365
0.90725
0.91965
0.89065
0.8958
0.89175
0.92255
0.90355
0.93615
0.93585
0.94135
0.94385
0.9483
0.94925
0.95225
0.95265
0.9442
0.9483
0.94535
0.9424
0.95475
0.945
0.9556
0.95435
0.9511
0.95295
0.96015
0.95495
0.9556
0.95305
0.95025
0.9572
0.9631
0.9466
0.9537
0.95775
0.95405
0.95835
0.95915
0.963
0.96465
0.9574
0.95785
0.96195
0.9643
0.965
0.96595
0.9678
0.9687
0.96655
0.96875
0.9647
0.9676
0.9635
0.9623
0.96335
0.9602
0.96695
0.9711
0.9684
0.9641
0.9656
0.9622
0.966
0.9688
0.96305
0.96625
0.9653
0.96765
0.96665
0.96845
0.96555
0.965
0.968
0.96745
0.96785
0.9666
0.97055
0.9657
0.9678
0.96635
0.9668
0.96725
0.9689
0.96935
0.96315
0.96725
0.96835
0.96995
0.96605
0.96775
0.9698
0.9658
0.96805
0.96445
0.9638
0.9621
0.9654
0.9696
0.9637
0.96705
0.96695
0.9651
0.9657
0.96685
0.97105
0.9673
0.97015
0.96555
0.96685
0.96545
0.96865
0.9662
0.9699
0.96335
0.96285
0.96575
0.96765
0.9655
0.96605
0.9685
0.96625
0.96795
