0.4261
0.49785
0.60525
0.53515
0.6315
0.6139
0.6115
0.4909
0.69235
0.73575
0.71485
0.7183
0.7624
0.732
0.72825
0.76675
0.76445
0.7583
0.7298
0.7338
0.74345
0.78275
0.8323
0.71105
0.7193
0.8482
0.7948
0.774
0.8456
0.8204
0.80155
0.78995
0.8601
0.83645
0.86625
0.8881
0.89535
0.89675
0.89565
0.90245
0.9075
0.8931
0.8846
0.89815
0.88945
0.9029
0.90245
0.90195
0.89825
0.8887
0.89035
0.90525
0.90555
0.89785
0.8981
0.893
0.88935
0.8888
0.8989
0.88115
0.8804
0.8937
0.88305
0.8793
0.8998
0.8845
0.888
0.87705
0.8929
0.8909
0.88915
0.8992
0.89265
0.9038
0.8977
0.8969
0.90525
0.9034
0.89365
0.89765
0.9079
0.89925
0.89845
0.8932
0.90515
0.895
0.9039
0.90235
0.89045
0.89775
0.8975
0.9025
0.8946
0.88915
0.89705
0.90385
0.90185
0.8982
0.90795
0.90065
0.90455
0.9052
0.90195
0.89155
0.90225
0.9
0.89605
0.9004
0.90455
0.90345
0.9021
0.9046
0.9093
0.90445
0.8999
0.9011
0.90335
0.8958
0.9026
0.9008
0.90255
0.89745
0.9013
0.89935
0.90185
0.89735
0.90185
0.9039
0.90135
0.89775
0.9033
0.90025
0.89525
0.8923
0.90255
0.8988
0.895
0.9025
0.89405
0.8982
0.9001
0.90325
0.896
0.9056
0.90155
0.90365
0.90055
0.90115
0.89645
0.904
