0.6411333333333333
0.7604
0.7383333333333333
0.8358
0.8505333333333334
0.8733333333333333
0.7874
0.8871333333333333
0.7794
0.8794
0.8682
0.9095333333333333
0.8836666666666667
0.903
0.9198666666666667
0.9004
0.9108666666666667
0.917
0.9017333333333334
0.9196
0.8914
0.9184
0.9086
0.9362666666666667
0.9265333333333333
0.9252666666666667
0.9158666666666667
0.9332666666666667
0.9407333333333333
0.8857333333333334
0.9276666666666666
0.942
0.9364666666666667
0.9422666666666667
0.9475333333333333
0.9622666666666667
0.9618666666666666
0.9573333333333334
0.9583333333333334
0.9638666666666666
0.9638666666666666
0.9654666666666667
0.968
0.9650666666666666
0.9616666666666667
0.9636
0.9627333333333333
0.9636
0.9698
0.9560666666666666
0.9668666666666667
0.9667333333333333
0.9702666666666667
0.9675333333333334
0.9644666666666667
0.9657333333333333
0.9684666666666667
0.9686
0.9644666666666667
0.9722
0.9678666666666667
0.9682666666666667
0.9642
0.9662666666666667
0.9686666666666667
0.9706666666666667
0.9713333333333334
0.9704666666666667
0.9739333333333333
0.9749333333333333
0.9753333333333334
0.9734
0.9751333333333333
0.975
0.9738
0.9730666666666666
0.9754
0.9764666666666667
0.9754
0.9724666666666667
0.9716666666666667
0.9735333333333334
0.9744
0.9742666666666666
0.9732
0.9724666666666667
0.9744
0.9736666666666667
0.9742
0.9732666666666666
0.9701333333333333
0.9716666666666667
0.9704
0.9745333333333334
0.9740666666666666
0.9732666666666666
0.9744666666666667
0.9718666666666667
0.9750666666666666
0.9744666666666667
0.9714
0.9737333333333333
0.9718
0.9734
0.9716
0.9725333333333334
0.973
0.9708666666666667
0.972
0.9713333333333334
0.9724
0.9718
0.9755333333333334
0.9740666666666666
0.9748666666666667
0.9742666666666666
0.9724
0.9737333333333333
0.9728
0.9728
0.9729333333333333
0.9741333333333333
0.974
0.9719333333333333
0.9728666666666667
0.9742
0.9719333333333333
0.9746666666666667
0.9704
0.9731333333333333
0.9742
0.974
0.9732666666666666
0.9753333333333334
0.9725333333333334
0.9734666666666667
0.9750666666666666
0.9732
0.9738
0.9751333333333333
0.9726666666666667
0.9724666666666667
0.9729333333333333
0.9703333333333334
0.971
0.9722
0.9731333333333333
0.9708
0.9715333333333334
0.9732666666666666
