0.59725
0.707
0.66885
0.6506
0.7012
0.70905
0.6975
0.6787
0.7297
0.7331
0.7309
0.8032
0.73135
0.74065
0.72225
0.82025
0.80955
0.75435
0.7408
0.83005
0.8461
0.76685
0.8046
0.8395
0.80535
0.7838
0.82585
0.7622
0.8129
0.86555
0.8145
0.82405
0.83555
0.796
0.8078
0.84115
0.85715
0.86415
0.86395
0.84825
0.8622
0.85465
0.8504
0.84155
0.8502
0.85625
0.85935
0.8642
0.87265
0.86165
0.83495
0.82635
0.8603
0.8643
0.8418
0.8401
0.8644
0.85605
0.8646
0.87845
0.856
0.8623
0.8753
0.87365
0.8545
0.8637
0.87035
0.8425
0.8705
0.8755
0.8612
0.8566
0.86035
0.8568
0.86155
0.87
0.86895
0.85255
0.84685
0.8406
0.8403
0.8499
0.85805
0.85615
0.8463
0.8523
0.8485
0.85315
0.86085
0.84605
0.857
0.8541
0.8598
0.8649
0.8595
0.8536
0.86485
0.8605
0.85325
0.8584
0.85285
0.8614
0.8586
0.8555
0.8541
0.8576
0.86595
0.85175
0.8571
0.8531
0.855
0.85755
0.84515
0.84955
0.8443
0.85625
0.84185
0.8641
0.8626
0.86495
0.8534
0.85775
0.8565
0.85315
0.8596
0.8729
0.86405
0.849
0.84575
0.8608
0.86275
0.85365
0.862
0.8531
0.85715
0.86175
0.8591
0.85565
0.85265
0.8663
0.85895
0.8514
0.86345
0.8532
0.8507
0.8534
0.8612
0.8458
0.8583
0.8474
