0.5019333333333333
0.6768
0.5604666666666667
0.6496666666666666
0.7335333333333334
0.6458666666666667
0.6781333333333334
0.6766666666666666
0.7407333333333334
0.7760666666666667
0.7879333333333334
0.7639333333333334
0.8206666666666667
0.7909333333333334
0.8058
0.8111333333333334
0.7853333333333333
0.8206
0.8570666666666666
0.8614666666666667
0.8658666666666667
0.8299333333333333
0.8588666666666667
0.854
0.8708666666666667
0.8547333333333333
0.8136
0.8903333333333333
0.8638666666666667
0.7954666666666667
0.8826
0.8858
0.8754
0.8972
0.8852
0.909
0.9141333333333334
0.9165333333333333
0.9124666666666666
0.9154
0.9139333333333334
0.9135333333333333
0.9208
0.9234
0.9214
0.9289333333333334
0.9235333333333333
0.9218
0.919
0.9265333333333333
0.9244
0.9203333333333333
0.9314666666666667
0.9164
0.9318
0.9342666666666667
0.929
0.9365333333333333
0.9174
0.9294666666666667
0.9332
0.9306666666666666
0.9366
0.9377333333333333
0.9282666666666667
0.9328
0.9270666666666667
0.9295333333333333
0.9377333333333333
0.9386
0.9363333333333334
0.9388666666666666
0.9369333333333333
0.9354666666666667
0.9348
0.9360666666666667
0.9327333333333333
0.9379333333333333
0.937
0.9327333333333333
0.9383333333333334
0.9394666666666667
0.9393333333333334
0.9375333333333333
0.9308666666666666
0.934
0.9369333333333333
0.9427333333333333
0.9357333333333333
0.9299333333333333
0.9339333333333333
0.9333333333333333
0.9364666666666667
0.9373333333333334
0.9346666666666666
0.9334
0.9352666666666667
0.9410666666666667
0.9362
0.9302
0.9359333333333333
0.9387333333333333
0.9359333333333333
0.9346
0.9335333333333333
0.9395333333333333
0.9366
0.9345333333333333
0.9336666666666666
0.939
0.9343333333333333
0.9358666666666666
0.9367333333333333
0.9262666666666667
0.9415333333333333
0.9358666666666666
0.9407333333333333
0.9394
0.9350666666666667
0.9344
0.9378
0.9326
0.9299333333333333
0.9331333333333334
0.9311333333333334
0.9334666666666667
0.9386
0.936
0.9414
0.9378666666666666
0.9379333333333333
0.9281333333333334
0.9356666666666666
0.9374666666666667
0.9382
0.932
0.9363333333333334
0.9364666666666667
0.9376
0.9390666666666667
0.9315333333333333
0.9383333333333334
0.933
0.9367333333333333
0.9362666666666667
0.9398
0.9394
0.9408
0.9375333333333333
0.9321333333333334
