0.7046
0.6553
0.7021
0.7303
0.7051
0.7676
0.6504
0.6727
0.7237
0.7563
0.7549
0.6738
0.7375
0.7536
0.7467
0.7111
0.7776
0.7284
0.7132
0.8162
0.7596
0.7371
0.7732
0.7774
0.8274
0.7742
0.8347
0.821
0.7707
0.7822
0.8075
0.8354
0.824
0.8378
0.8405
0.8488
0.8328
0.8587
0.8477
0.8574
0.8574
0.8661
0.8679
0.8537
0.8609
0.8712
0.8635
0.8667
0.8602
0.849
0.8586
0.8645
0.8469
0.869
0.8514
0.8491
0.8313
0.877
0.8552
0.8433
0.8376
0.8752
0.8404
0.8693
0.8553
0.858
0.8447
0.8595
0.8667
0.8639
0.8687
0.8514
0.8497
0.8793
0.8616
0.8593
0.8779
0.8607
0.8599
0.8662
0.8746
0.8695
0.8632
0.8652
0.8522
0.8765
0.8716
0.8575
0.8713
0.8613
0.8716
0.8581
0.8565
0.8578
0.87
0.8807
0.8635
0.8761
0.8681
0.8464
0.8598
0.8797
0.8483
0.8631
0.8583
0.8494
0.8753
0.8429
0.8633
0.8742
0.8529
0.8738
0.8723
0.8512
0.8619
0.88
0.8568
0.8678
0.8574
0.8495
0.8439
0.8612
0.8721
0.8571
0.8739
0.8635
0.8558
0.8589
0.8738
0.8541
0.8595
0.8773
0.8787
0.8474
0.8801
0.8643
0.8757
0.8801
0.8729
0.867
0.8784
0.8687
0.8734
0.8624
0.8601
0.8693
0.8532
0.8642
0.8587
0.8756
