0.4836666666666667
0.5642
0.5164
0.4892666666666667
0.5468666666666666
0.59
0.5772
0.6305333333333333
0.6218
0.5952
0.6634
0.6752
0.7030666666666666
0.6205333333333334
0.7041333333333334
0.6894
0.7597333333333334
0.7145333333333334
0.7292666666666666
0.6868
0.7502666666666666
0.7444666666666667
0.7646
0.7654666666666666
0.784
0.8022
0.7591333333333333
0.7741333333333333
0.8188
0.8293333333333334
0.8072
0.8303333333333334
0.8390666666666666
0.7924666666666667
0.8542
0.8747333333333334
0.8762666666666666
0.8818666666666667
0.8824
0.8801333333333333
0.8812
0.8867333333333334
0.8864
0.8848
0.8848
0.8838666666666667
0.8895333333333333
0.8871333333333333
0.8947333333333334
0.8921333333333333
0.8952
0.893
0.8964666666666666
0.8958666666666667
0.8898
0.8934666666666666
0.8804666666666666
0.8876
0.8948
0.8916666666666667
0.8962666666666667
0.8948
0.8954
0.9012666666666667
0.9028666666666667
0.9088
0.9058
0.9
0.8954
0.8947333333333334
0.8965333333333333
0.9036666666666666
0.8963333333333333
0.9002666666666667
0.905
0.9077333333333333
0.9048666666666667
0.8988666666666667
0.9078666666666667
0.9058666666666667
0.9038666666666667
0.9011333333333333
0.913
0.9059333333333334
0.8996666666666666
0.9108666666666667
0.9029333333333334
0.9004666666666666
0.9047333333333333
0.9114666666666666
0.907
0.8997333333333334
0.9030666666666667
0.9096
0.9057333333333333
0.9057333333333333
0.9039333333333334
0.8994
0.9039333333333334
0.9121333333333334
0.9022666666666667
0.904
0.9072666666666667
0.8999333333333334
0.9132666666666667
0.9090666666666667
0.9088666666666667
0.9123333333333333
0.9106666666666666
0.9053333333333333
0.9041333333333333
0.9050666666666667
0.9145333333333333
0.9091333333333333
0.9074
0.9056
0.906
0.9139333333333334
0.9094
0.9093333333333333
0.9027333333333334
0.8969333333333334
0.9085333333333333
0.9157333333333333
0.908
0.9066666666666666
0.9091333333333333
0.9011333333333333
0.9080666666666667
0.9034666666666666
0.9058
0.9067333333333333
0.9088666666666667
0.9040666666666667
0.8980666666666667
0.9094
0.9062666666666667
0.912
0.9085333333333333
0.9111333333333334
0.9136666666666666
0.9055333333333333
0.9057333333333333
0.9044666666666666
0.9074
0.9055333333333333
0.9052666666666667
0.9088
0.9094666666666666
0.9063333333333333
