0.5869
0.51195
0.66515
0.70335
0.72325
0.7551
0.78495
0.78005
0.79245
0.82645
0.83945
0.85445
0.8192
0.83415
0.8453
0.88125
0.8283
0.8496
0.86375
0.85625
0.8481
0.8553
0.8862
0.89495
0.8943
0.8731
0.86155
0.8619
0.9095
0.912
0.8651
0.87545
0.8587
0.91215
0.9102
0.9336
0.9436
0.9377
0.9437
0.94245
0.9433
0.9498
0.94575
0.94035
0.9415
0.94835
0.9451
0.94635
0.94955
0.9493
0.93965
0.9442
0.9487
0.9504
0.9489
0.94425
0.94615
0.94835
0.9415
0.9516
0.94675
0.9511
0.9477
0.94585
0.94225
0.95545
0.95015
0.95465
0.94815
0.95175
0.94965
0.94765
0.9497
0.94845
0.9482
0.95265
0.95045
0.9512
0.94705
0.9538
0.9509
0.94765
0.95095
0.94535
0.9506
0.9484
0.94565
0.9512
0.95
0.9477
0.94955
0.94945
0.95125
0.9514
0.95175
0.95235
0.9518
0.95065
0.9513
0.94625
0.9574
0.95025
0.9493
0.95
0.95315
0.94965
0.95315
0.95465
0.9495
0.94945
0.95025
0.94915
0.94605
0.95485
0.94815
0.94915
0.94395
0.9506
0.95195
0.95085
0.9514
0.9471
0.9511
0.9508
0.9537
0.952
0.94895
0.95355
0.95165
0.94915
0.9503
0.9555
0.9528
0.95465
0.9498
0.95275
0.9522
0.95335
0.95125
0.94785
0.9477
0.9539
0.953
0.95515
0.9532
0.9533
0.95015
0.9569
0.95115
0.9527
