0.7301333333333333
0.8338
0.8245333333333333
0.818
0.7649333333333334
0.9057333333333333
0.8646
0.9166
0.8635333333333334
0.9214
0.9308
0.9009333333333334
0.9393333333333334
0.9147333333333333
0.8842666666666666
0.9388
0.9090666666666667
0.9248
0.9204666666666667
0.9393333333333334
0.9346666666666666
0.9186666666666666
0.9402
0.9459333333333333
0.9438
0.9562666666666667
0.9512666666666667
0.8754
0.9651333333333333
0.9443333333333334
0.9494666666666667
0.9267333333333333
0.9349333333333333
0.9642666666666667
0.9596666666666667
0.9612666666666667
0.9678
0.9713333333333334
0.9685333333333334
0.9724666666666667
0.972
0.9748
0.9742
0.974
0.973
0.9748666666666667
0.9672666666666667
0.9761333333333333
0.9758
0.9686
0.9718
0.9709333333333333
0.98
0.9675333333333334
0.971
0.9766666666666667
0.9766
0.9754666666666667
0.9808
0.9692666666666667
0.9784
0.9721333333333333
0.9752
0.9788666666666667
0.9803333333333333
0.9772666666666666
0.9761333333333333
0.9785333333333334
0.9779333333333333
0.9793333333333333
0.9809333333333333
0.9796
0.9799333333333333
0.9808666666666667
0.9777333333333333
0.9767333333333333
0.9788
0.9788
0.9772666666666666
0.9780666666666666
0.9808
0.9766
0.9731333333333333
0.9762666666666666
0.9743333333333334
0.9784666666666667
0.976
0.9751333333333333
0.976
0.9768
0.9776
0.9780666666666666
0.9792
0.9815333333333334
0.9771333333333333
0.9785333333333334
0.9774666666666667
0.9779333333333333
0.9811333333333333
0.9726666666666667
0.9768666666666667
0.9764666666666667
0.9754666666666667
0.9791333333333333
0.9757333333333333
0.9768666666666667
0.9762666666666666
0.974
0.9788
0.9744
0.9743333333333334
0.9780666666666666
0.9788666666666667
0.9761333333333333
0.9774
0.9779333333333333
0.9746666666666667
0.9786666666666667
0.9762666666666666
0.9803333333333333
0.9762666666666666
0.9772666666666666
0.9786666666666667
0.9794666666666667
0.9791333333333333
0.9753333333333334
0.9768666666666667
0.9826
0.9755333333333334
0.9774666666666667
0.9764
0.9808
0.9776666666666667
0.9765333333333334
0.9772
0.9789333333333333
0.9754666666666667
0.9778
0.9795333333333334
0.9786666666666667
0.9794
0.9766
0.9744
0.9766666666666667
0.9797333333333333
0.9774
0.9812666666666666
0.9793333333333333
0.9760666666666666
0.9776666666666667
