0.889
0.9011
0.9009
0.8626
0.9187
0.9158
0.9213
0.9291
0.922
0.9315
0.9242
0.9258
0.9435
0.9588
0.9278
0.9516
0.9603
0.9556
0.9669
0.9289
0.9486
0.9596
0.967
0.9584
0.9572
0.9455
0.9577
0.9687
0.9775
0.955
0.9241
0.9778
0.9648
0.9575
0.917
0.9764
0.9763
0.979
0.9821
0.9813
0.9787
0.9772
0.9809
0.9793
0.9808
0.9825
0.9853
0.9845
0.9877
0.9829
0.9812
0.986
0.9863
0.9861
0.9841
0.9808
0.9878
0.9867
0.9879
0.9845
0.9863
0.9847
0.9854
0.9864
0.9876
0.9884
0.9834
0.9836
0.9854
0.9905
0.9901
0.987
0.9899
0.988
0.988
0.989
0.9886
0.9876
0.9881
0.988
0.9862
0.99
0.9871
0.986
0.9905
0.9888
0.9876
0.9851
0.9885
0.9894
0.987
0.9884
0.9876
0.9865
0.9879
0.9822
0.9877
0.9877
0.9868
0.9896
0.9879
0.9879
0.9867
0.9874
0.9852
0.9848
0.9845
0.9883
0.9873
0.9896
0.9888
0.9887
0.9879
0.986
0.9886
0.9875
0.9873
0.9866
0.9872
0.9894
0.986
0.986
0.9856
0.9884
0.9873
0.9883
0.9871
0.9889
0.9874
0.9877
0.9853
0.9893
0.9871
0.9854
0.9877
0.9865
0.9894
0.9872
0.9877
0.9872
0.9881
0.9867
0.9885
0.989
0.9877
0.9873
0.9878
0.9861
0.987
0.9892
