0.3293
0.41115
0.40145
0.392
0.3841
0.4951
0.53835
0.5512
0.56885
0.5242
0.5819
0.49105
0.61045
0.61865
0.619
0.61565
0.65345
0.69345
0.6724
0.6621
0.7147
0.6447
0.71545
0.73015
0.76175
0.7366
0.77365
0.74095
0.75655
0.7502
0.75645
0.75475
0.75535
0.7441
0.7865
0.82555
0.82775
0.8375
0.83575
0.8439
0.8386
0.8361
0.83455
0.8492
0.8491
0.84155
0.8522
0.8418
0.84895
0.8402
0.85465
0.8613
0.8504
0.85595
0.86555
0.85875
0.8509
0.84475
0.867
0.8489
0.8595
0.8643
0.8658
0.86895
0.8662
0.8477
0.86565
0.8665
0.8736
0.87595
0.87705
0.87655
0.8819
0.8821
0.88475
0.8767
0.8831
0.87565
0.88145
0.8801
0.88165
0.88485
0.88185
0.8807
0.884
0.8809
0.8784
0.8875
0.87115
0.8831
0.8817
0.8856
0.8806
0.8828
0.8793
0.8823
0.8864
0.87975
0.88165
0.8804
0.87585
0.8804
0.8762
0.87995
0.87705
0.88185
0.8802
0.8782
0.8777
0.8793
0.88435
0.87835
0.87535
0.8848
0.88255
0.8877
0.88305
0.8776
0.8813
0.87925
0.87235
0.8823
0.88215
0.8876
0.87895
0.883
0.88015
0.87825
0.8829
0.8849
0.8845
0.87475
0.879
0.8821
0.8861
0.8846
0.88305
0.8859
0.88615
0.88815
0.88535
0.88155
0.8799
0.8812
0.88455
0.88095
0.8744
0.8812
0.8853
0.88175
