0.6934
0.75565
0.782
0.8184
0.86125
0.86985
0.8314
0.86505
0.88375
0.90485
0.87675
0.89985
0.89175
0.901
0.9197
0.91385
0.91455
0.92115
0.9102
0.9291
0.8828
0.9262
0.93015
0.9312
0.91565
0.9072
0.93655
0.93695
0.94415
0.93625
0.93345
0.92065
0.9237
0.94875
0.91765
0.95925
0.9653
0.9634
0.96725
0.96765
0.96825
0.9667
0.97155
0.9701
0.97215
0.97305
0.9743
0.9732
0.9725
0.9716
0.9754
0.97315
0.97425
0.97455
0.9732
0.976
0.97715
0.97665
0.97525
0.9763
0.9774
0.97585
0.97815
0.9781
0.9744
0.9788
0.98135
0.97805
0.9776
0.9794
0.98055
0.98
0.98125
0.9816
0.9811
0.98235
0.98305
0.98015
0.9807
0.9819
0.9804
0.9817
0.98
0.98015
0.98375
0.98165
0.9813
0.9831
0.9815
0.98195
0.9825
0.98185
0.9821
0.98255
0.98065
0.9832
0.9804
0.98085
0.9813
0.9803
0.9811
0.9833
0.98435
0.9806
0.9845
0.9821
0.9854
0.98375
0.98375
0.982
0.98225
0.98415
0.98355
0.9824
0.98055
0.98365
0.98255
0.98325
0.983
0.98205
0.9834
0.98225
0.98075
0.9838
0.98195
0.98335
0.98315
0.9816
0.98335
0.98315
0.98205
0.9826
0.98265
0.9818
0.98145
0.98255
0.9829
0.98155
0.97955
0.9805
0.9817
0.98075
0.9812
0.98145
0.981
0.98265
0.98215
0.9832
0.9814
0.9835
