0.5646
0.6377
0.7732
0.7351
0.7602
0.81025
0.6918
0.80705
0.8314
0.8474
0.86675
0.86215
0.8724
0.8584
0.86625
0.88775
0.856
0.88705
0.88925
0.86385
0.8778
0.89475
0.8949
0.8964
0.8627
0.86915
0.905
0.88795
0.90105
0.86665
0.90175
0.90285
0.9065
0.89595
0.8949
0.94045
0.93475
0.9358
0.9327
0.9344
0.923
0.93935
0.9342
0.92165
0.9267
0.93865
0.93365
0.94915
0.93105
0.93535
0.94065
0.94435
0.93755
0.9466
0.9416
0.9527
0.9374
0.92675
0.9356
0.95015
0.93895
0.9476
0.94175
0.94115
0.94305
0.9536
0.9444
0.942
0.9443
0.93865
0.93925
0.9506
0.94645
0.9415
0.9434
0.9417
0.948
0.94645
0.9436
0.9479
0.9429
0.94445
0.9493
0.9437
0.94375
0.9507
0.9419
0.9485
0.949
0.94595
0.94605
0.9463
0.94995
0.95505
0.9492
0.94575
0.9494
0.94915
0.94825
0.94235
0.9485
0.9488
0.9503
0.9489
0.95335
0.94925
0.9453
0.9488
0.95075
0.95
0.9501
0.94795
0.9523
0.9459
0.94945
0.9502
0.9541
0.94705
0.94705
0.95015
0.9444
0.9503
0.9506
0.951
0.95145
0.94745
0.95145
0.94895
0.94895
0.94945
0.94945
0.9508
0.9453
0.94775
0.9479
0.94605
0.9487
0.95
0.952
0.94975
0.9523
0.9471
0.9477
0.95155
0.9517
0.9501
0.9523
0.95195
0.94885
0.95115
