0.47485
0.57565
0.53925
0.6215
0.5834
0.5921
0.6772
0.6926
0.70765
0.68825
0.7597
0.74295
0.76325
0.765
0.7669
0.7536
0.7837
0.80745
0.78075
0.787
0.78165
0.7966
0.8273
0.85365
0.82905
0.8258
0.8364
0.8446
0.8158
0.8358
0.78945
0.82995
0.8483
0.85315
0.8652
0.87135
0.86835
0.89145
0.87195
0.88935
0.8851
0.88645
0.88095
0.87225
0.87395
0.8767
0.8657
0.8671
0.89605
0.88125
0.88565
0.87955
0.86615
0.8752
0.86355
0.89335
0.8819
0.8812
0.8795
0.8619
0.87555
0.87645
0.87075
0.86725
0.86155
0.88115
0.8885
0.8851
0.87755
0.85805
0.8798
0.87435
0.8728
0.8809
0.88855
0.88
0.8712
0.875
0.8813
0.87115
0.87425
0.8788
0.882
0.8769
0.87515
0.88045
0.88555
0.8724
0.8785
0.8826
0.87855
0.8823
0.88615
0.8719
0.87335
0.8842
0.87695
0.8709
0.87765
0.87875
0.87495
0.87275
0.8705
0.8673
0.8632
0.8764
0.87645
0.8661
0.87805
0.87295
0.86765
0.86825
0.8716
0.8791
0.87905
0.8804
0.8774
0.8738
0.8759
0.86555
0.8688
0.87975
0.8757
0.87755
0.87075
0.87815
0.8633
0.8701
0.87785
0.8627
0.85725
0.86785
0.8779
0.8745
0.87475
0.87095
0.87385
0.8796
0.87055
0.87405
0.87125
0.8774
0.86745
0.8746
0.8686
0.86835
0.86875
0.8738
0.8708
0.86455
