0.30793333333333334
0.38006666666666666
0.3290666666666667
0.3631333333333333
0.32233333333333336
0.391
0.4188
0.42133333333333334
0.4789333333333333
0.4020666666666667
0.5281333333333333
0.45326666666666665
0.43953333333333333
0.47833333333333333
0.5302
0.4162
0.5980666666666666
0.45026666666666665
0.5992666666666666
0.5279333333333334
0.4216666666666667
0.6094666666666667
0.6916
0.6116
0.5479333333333334
0.6407333333333334
0.5310666666666667
0.7211333333333333
0.5593333333333333
0.533
0.6173333333333333
0.5768
0.628
0.7376666666666667
0.6261333333333333
0.7049333333333333
0.7297333333333333
0.7407333333333334
0.7278666666666667
0.7012
0.6689333333333334
0.6824
0.7006666666666667
0.7006
0.7052666666666667
0.671
0.6718
0.6759333333333334
0.6896666666666667
0.7049333333333333
0.7020666666666666
0.7185333333333334
0.7014666666666667
0.7025333333333333
0.6892666666666667
0.6829333333333333
0.6826
0.7314666666666667
0.7376666666666667
0.6844
0.6339333333333333
0.6408
0.6175333333333334
0.6941333333333334
0.7002666666666667
0.6588666666666667
0.71
0.6972
0.6996666666666667
0.6789333333333334
0.6878
0.7094666666666667
0.6969333333333333
0.7126666666666667
0.6745333333333333
0.6911333333333334
0.6571333333333333
0.681
0.7028
0.7141333333333333
0.7014
0.6917333333333333
0.6741333333333334
0.6843333333333333
0.6708666666666666
0.6924666666666667
0.6827333333333333
0.7068666666666666
0.7054
0.6999333333333333
0.6936
0.7004666666666667
0.7188666666666667
0.6953333333333334
0.6694
0.6874
0.6682
0.67
0.6717333333333333
0.6677333333333333
0.6655333333333333
0.674
0.672
0.7034666666666667
0.6848666666666666
0.6817333333333333
0.7066
0.6902666666666667
0.6964666666666667
0.6906666666666667
0.6949333333333333
0.6826
0.7038666666666666
0.7068
0.6699333333333334
0.6606666666666666
0.6992
0.6944666666666667
0.6854
0.6673333333333333
0.6878
0.6989333333333333
0.6906
0.6862
0.6906
0.6847333333333333
0.6826
0.6896
0.7023333333333334
0.6934
0.6857333333333333
0.6886666666666666
0.7052666666666667
0.696
0.6929333333333333
0.7004
0.6743333333333333
0.6946
0.6927333333333333
0.6952
0.7058666666666666
0.6952666666666667
0.6708
0.6835333333333333
0.693
0.6972
0.7125333333333334
0.693
0.6971333333333334
0.6719333333333334
