0.5751
0.8061
0.5788
0.8011
0.7075
0.7942
0.7966
0.8479
0.7343
0.7063
0.5422
0.7802
0.8458
0.7851
0.6967
0.8872
0.7856
0.728
0.673
0.7461
0.8678
0.8393
0.7407
0.8389
0.8042
0.6382
0.8362
0.6134
0.8512
0.859
0.9001
0.9421
0.9009
0.9226
0.7692
0.9186
0.9016
0.8832
0.8021
0.8963
0.889
0.8794
0.9015
0.8828
0.8162
0.8897
0.8598
0.822
0.8979
0.901
0.8719
0.922
0.8558
0.896
0.9006
0.9004
0.8884
0.9032
0.8828
0.915
0.8865
0.8773
0.8716
0.899
0.8829
0.8838
0.8786
0.8961
0.907
0.9279
0.9086
0.8748
0.8892
0.8724
0.8823
0.8845
0.8911
0.8907
0.872
0.8624
0.8596
0.8824
0.8714
0.8805
0.8694
0.8854
0.8803
0.8854
0.863
0.8798
0.8763
0.8694
0.8701
0.8714
0.8787
0.8719
0.8631
0.8675
0.8603
0.882
0.8622
0.8744
0.872
0.8586
0.8535
0.8793
0.8674
0.8671
0.8642
0.8725
0.8705
0.87
0.8697
0.848
0.8638
0.8797
0.8681
0.8632
0.8532
0.8707
0.8702
0.8692
0.878
0.8853
0.8743
0.8984
0.8683
0.8754
0.8675
0.8804
0.8802
0.8661
0.887
0.8591
0.8637
0.8753
0.8745
0.8907
0.8674
0.8813
0.8787
0.8498
0.8659
0.8871
0.8596
0.8735
0.8719
0.8914
0.8494
0.8759
