0.5594
0.6859
0.6621
0.6502
0.6254
0.6097
0.7266
0.7115
0.7426
0.7187
0.7335
0.7275
0.7493
0.7853
0.6905
0.69
0.7469
0.6579
0.7306
0.73
0.7514
0.6755
0.7805
0.7025
0.7631
0.626
0.7217
0.5695
0.7609
0.7637
0.8092
0.7824
0.771
0.8177
0.8365
0.8498
0.8418
0.8421
0.8353
0.8361
0.8414
0.8483
0.8551
0.8498
0.8406
0.8366
0.8498
0.8194
0.8421
0.8588
0.8507
0.8479
0.8343
0.8386
0.8398
0.8391
0.8705
0.8383
0.8206
0.8023
0.8251
0.8354
0.8436
0.8378
0.8511
0.8373
0.8293
0.8649
0.818
0.8409
0.8305
0.8406
0.8399
0.849
0.8411
0.8393
0.8326
0.8401
0.8464
0.8549
0.8446
0.8552
0.8373
0.8485
0.8513
0.842
0.8555
0.8425
0.8558
0.8259
0.8417
0.8328
0.8349
0.8387
0.8318
0.8465
0.8552
0.8597
0.8466
0.8498
0.8587
0.8585
0.8549
0.8505
0.8454
0.8552
0.8441
0.86
0.8576
0.8516
0.8515
0.8478
0.8267
0.8446
0.8465
0.8625
0.8488
0.8495
0.8338
0.8438
0.8334
0.8508
0.8425
0.8441
0.8456
0.8521
0.847
0.8371
0.8564
0.8601
0.8553
0.8422
0.8468
0.8507
0.8431
0.8547
0.8568
0.8466
0.849
0.839
0.8588
0.8276
0.8505
0.8527
0.844
0.8499
0.8374
0.8595
0.8481
0.861
