0.8394
0.7184
0.8317
0.8443
0.8641
0.8494
0.8797
0.9017
0.8427
0.8702
0.9011
0.812
0.8653
0.8765
0.8954
0.8621
0.8775
0.9043
0.9325
0.9083
0.8575
0.9023
0.911
0.9022
0.8452
0.9215
0.8966
0.7755
0.9219
0.9027
0.9424
0.9406
0.9186
0.9587
0.9429
0.9437
0.9445
0.9525
0.9453
0.9559
0.9485
0.9579
0.9529
0.9411
0.9578
0.9585
0.9503
0.9463
0.9534
0.9477
0.9557
0.9503
0.9564
0.9453
0.9398
0.9536
0.9491
0.9382
0.9558
0.9293
0.9342
0.9537
0.9586
0.9531
0.9564
0.9586
0.9359
0.9539
0.9435
0.9333
0.9364
0.9519
0.9505
0.9539
0.956
0.9613
0.9454
0.9571
0.9507
0.9612
0.94
0.9512
0.9543
0.9573
0.9548
0.9525
0.9579
0.9585
0.9466
0.9575
0.9501
0.956
0.9598
0.954
0.9473
0.9529
0.9577
0.9555
0.9518
0.9568
0.9512
0.9582
0.9633
0.9513
0.957
0.9547
0.9552
0.9587
0.9516
0.9571
0.955
0.9552
0.95
0.9539
0.9535
0.9534
0.9483
0.9584
0.952
0.9548
0.9547
0.9562
0.9579
0.9532
0.9552
0.9565
0.9563
0.9568
0.9518
0.9611
0.9505
0.9561
0.9485
0.9533
0.963
0.9545
0.9607
0.953
0.9544
0.9576
0.956
0.9489
0.9573
0.957
0.9559
0.9569
0.9458
0.9558
0.9464
0.9584
