0.43615
0.48365
0.4275
0.531
0.54645
0.55315
0.57745
0.57415
0.5765
0.5516
0.65115
0.55555
0.63675
0.6664
0.72955
0.7282
0.6799
0.70245
0.76815
0.7857
0.7173
0.7695
0.8014
0.7676
0.80025
0.72855
0.77395
0.7545
0.7538
0.7593
0.79265
0.7978
0.77435
0.82005
0.8211
0.85905
0.8552
0.86815
0.86525
0.85915
0.86415
0.87365
0.86845
0.86835
0.873
0.86795
0.8663
0.8749
0.87605
0.877
0.8733
0.87715
0.88055
0.8767
0.8799
0.87045
0.87415
0.8864
0.8945
0.8817
0.8918
0.89285
0.8883
0.88875
0.8947
0.89465
0.88105
0.89385
0.88945
0.8813
0.89505
0.89885
0.8973
0.90155
0.89665
0.90045
0.90035
0.90555
0.90185
0.89605
0.89825
0.89485
0.89505
0.8951
0.9006
0.90475
0.90435
0.89485
0.903
0.89835
0.90675
0.8969
0.90195
0.9016
0.89885
0.90455
0.89835
0.8989
0.9048
0.901
0.898
0.90485
0.9044
0.9055
0.90895
0.90455
0.9028
0.90115
0.90285
0.89265
0.90675
0.90565
0.9042
0.9035
0.90535
0.90635
0.9037
0.9043
0.90745
0.90875
0.9118
0.90255
0.90835
0.90445
0.90615
0.90675
0.9028
0.9036
0.90475
0.90175
0.9052
0.8995
0.89985
0.9094
0.9
0.9051
0.9068
0.8992
0.90375
0.90195
0.9035
0.9008
0.9037
0.8939
0.90165
0.90085
0.9072
0.90265
0.9044
0.89835
