0.52185
0.5688
0.63055
0.60185
0.7197
0.7251
0.75265
0.77625
0.7405
0.72475
0.81805
0.71765
0.79105
0.8398
0.78625
0.7946
0.8405
0.79105
0.84345
0.89075
0.8939
0.8769
0.89765
0.8963
0.8957
0.88355
0.9041
0.8818
0.91375
0.9242
0.8196
0.86625
0.8687
0.8827
0.9091
0.92505
0.922
0.9262
0.9284
0.9144
0.921
0.92675
0.9445
0.9404
0.93625
0.9344
0.92145
0.9316
0.94435
0.92035
0.93685
0.93545
0.9427
0.94295
0.9397
0.93115
0.93385
0.92555
0.9408
0.9397
0.9393
0.9262
0.94805
0.9423
0.9333
0.9361
0.93955
0.9489
0.9492
0.94605
0.94765
0.94815
0.94205
0.9468
0.9455
0.9475
0.94035
0.9492
0.946
0.95055
0.9472
0.94865
0.94655
0.94705
0.94825
0.9481
0.9496
0.9442
0.9438
0.9476
0.9451
0.94575
0.9451
0.9425
0.94815
0.94565
0.9441
0.95085
0.9461
0.94975
0.94845
0.9394
0.9473
0.94635
0.9467
0.94725
0.94505
0.9504
0.94355
0.94655
0.94635
0.94725
0.9484
0.94595
0.94405
0.94655
0.9439
0.94415
0.94675
0.94255
0.9458
0.9429
0.9461
0.9459
0.9463
0.9487
0.946
0.9505
0.94665
0.9473
0.9422
0.9433
0.94935
0.9496
0.95065
0.9481
0.9441
0.94395
0.9434
0.94685
0.9464
0.9493
0.9493
0.94815
0.9448
0.9489
0.95045
0.9437
0.944
0.9525
