0.758
0.56
0.6671
0.7009
0.7878
0.6159
0.711
0.8026
0.7458
0.7697
0.7445
0.7467
0.7481
0.8549
0.7164
0.7762
0.725
0.8424
0.6843
0.8118
0.8282
0.7822
0.7814
0.866
0.7562
0.8182
0.7562
0.8487
0.6791
0.674
0.6108
0.7457
0.7442
0.8027
0.7489
0.8125
0.7956
0.8022
0.8008
0.7769
0.7758
0.8106
0.7345
0.8007
0.781
0.7907
0.8025
0.7679
0.7997
0.7508
0.7353
0.7686
0.7688
0.8192
0.7792
0.7699
0.778
0.8329
0.8136
0.8359
0.8814
0.8174
0.8144
0.8081
0.8092
0.8336
0.8414
0.8222
0.8483
0.8482
0.8499
0.7925
0.8306
0.8426
0.8119
0.8348
0.8291
0.8513
0.8255
0.8225
0.8151
0.769
0.8197
0.8381
0.8256
0.8215
0.8119
0.8256
0.8294
0.822
0.8197
0.8149
0.8271
0.8087
0.8003
0.8212
0.8023
0.81
0.7974
0.8113
0.8417
0.818
0.8172
0.7971
0.8245
0.81
0.8144
0.8077
0.8359
0.8216
0.8129
0.8346
0.8305
0.8099
0.8131
0.8243
0.7971
0.796
0.8001
0.8097
0.8156
0.8243
0.8317
0.8389
0.803
0.8404
0.8207
0.8273
0.8207
0.818
0.847
0.8202
0.8193
0.8255
0.8272
0.7984
0.8279
0.8066
0.7918
0.8204
0.8241
0.7977
0.8267
0.8262
0.8155
0.8106
0.8285
0.8082
0.8392
0.8189
