0.5566666666666666
0.6104
0.6263333333333333
0.6848666666666666
0.7102666666666667
0.7341333333333333
0.6870666666666667
0.8008666666666666
0.8246
0.7797333333333333
0.7927333333333333
0.7711333333333333
0.8146
0.8307333333333333
0.8478
0.8232666666666667
0.7830666666666667
0.8331333333333333
0.7621333333333333
0.7843333333333333
0.8743333333333333
0.8038
0.8012
0.6782
0.8274666666666667
0.8008666666666666
0.7741333333333333
0.8736
0.8322666666666667
0.8218666666666666
0.8418666666666667
0.8494666666666667
0.8925333333333333
0.8870666666666667
0.8476666666666667
0.9012666666666667
0.8953333333333333
0.9035333333333333
0.9077333333333333
0.8922666666666667
0.9097333333333333
0.8997333333333334
0.8999333333333334
0.8807333333333334
0.87
0.892
0.9239333333333334
0.9190666666666667
0.8952
0.9223333333333333
0.8919333333333334
0.9070666666666667
0.8997333333333334
0.8846666666666667
0.9225333333333333
0.8858666666666667
0.9060666666666667
0.8851333333333333
0.8858
0.9092666666666667
0.8665333333333334
0.8983333333333333
0.8861333333333333
0.8908
0.8849333333333333
0.9304
0.9052
0.9154
0.9078
0.8790666666666667
0.8821333333333333
0.9101333333333333
0.8906666666666667
0.9062
0.8808
0.9098666666666667
0.9228666666666666
0.92
0.9049333333333334
0.9156666666666666
0.9013333333333333
0.905
0.9108
0.9058
0.9158666666666667
0.9054
0.9114666666666666
0.8943333333333333
0.9147333333333333
0.92
0.9094
0.9181333333333334
0.9147333333333333
0.9084
0.9232
0.9138
0.9146
0.9154666666666667
0.9084
0.9096666666666666
0.9161333333333334
0.9135333333333333
0.923
0.9100666666666667
0.9158666666666667
0.9141333333333334
0.9112
0.905
0.9125333333333333
0.909
0.9154666666666667
0.9191333333333334
0.9122666666666667
0.9034666666666666
0.9118
0.9131333333333334
0.9139333333333334
0.9144
0.9063333333333333
0.907
0.9068
0.9060666666666667
0.9102666666666667
0.9112666666666667
0.9122666666666667
0.9176
0.9184666666666667
0.914
0.9126
0.9208
0.9118666666666667
0.9002666666666667
0.9058
0.9035333333333333
0.9106
0.9168
0.9139333333333334
0.9184
0.9141333333333334
0.9065333333333333
0.8993333333333333
0.9151333333333334
0.9104666666666666
0.9101333333333333
0.9119333333333334
0.9048666666666667
0.9034
0.9032666666666667
0.9156
0.9018666666666667
