0.6828
0.8746
0.8512
0.8488
0.881
0.8787
0.8735
0.8798
0.9119
0.8707
0.8412
0.8219
0.9112
0.9323
0.9137
0.8721
0.9002
0.9173
0.9184
0.8994
0.8243
0.9389
0.9172
0.9019
0.8485
0.8832
0.9504
0.947
0.9059
0.9539
0.8871
0.9377
0.8204
0.9531
0.9462
0.9627
0.9586
0.9504
0.957
0.9626
0.9684
0.9748
0.9596
0.9668
0.9592
0.9518
0.9534
0.9539
0.9603
0.9734
0.956
0.9651
0.9668
0.9642
0.9547
0.9539
0.9598
0.9638
0.9614
0.947
0.9585
0.9499
0.9676
0.9522
0.9607
0.9712
0.9546
0.9621
0.9747
0.9593
0.9548
0.9498
0.9659
0.9684
0.9626
0.9699
0.9657
0.963
0.9619
0.9611
0.9535
0.9665
0.9634
0.9602
0.9676
0.9661
0.9748
0.9637
0.9695
0.9733
0.9658
0.9698
0.9616
0.9646
0.9693
0.965
0.9633
0.969
0.9565
0.9554
0.9517
0.9687
0.9616
0.963
0.963
0.9563
0.9614
0.9639
0.9709
0.956
0.9637
0.9585
0.9642
0.9653
0.9582
0.9655
0.9616
0.9634
0.9635
0.9587
0.972
0.963
0.9653
0.9697
0.9663
0.9599
0.9582
0.96
0.9557
0.9633
0.9606
0.9633
0.9654
0.9655
0.9646
0.9615
0.9591
0.966
0.9432
0.9574
0.9574
0.9657
0.9549
0.9607
0.9623
0.9596
0.9469
0.9561
0.9623
0.9634
