0.6683333333333333
0.7344
0.7348666666666667
0.7735333333333333
0.7006666666666667
0.8338666666666666
0.8488666666666667
0.8110666666666667
0.8096
0.819
0.8622
0.8080666666666667
0.816
0.8498
0.8622
0.8476666666666667
0.8426666666666667
0.8526666666666667
0.8191333333333334
0.7332
0.8636666666666667
0.8686666666666667
0.8531333333333333
0.8388666666666666
0.9034
0.9036666666666666
0.8622
0.8586
0.8723333333333333
0.8721333333333333
0.9188666666666667
0.8961333333333333
0.8660666666666667
0.9008666666666667
0.8785333333333334
0.9121333333333334
0.9142
0.9076666666666666
0.9198666666666667
0.9123333333333333
0.9112666666666667
0.9095333333333333
0.9091333333333333
0.9071333333333333
0.9043333333333333
0.9021333333333333
0.9081333333333333
0.8956
0.8822
0.9002
0.8954
0.885
0.9267333333333333
0.9148
0.905
0.91
0.8786666666666667
0.8801333333333333
0.8736666666666667
0.893
0.9080666666666667
0.9098
0.9074666666666666
0.9087333333333333
0.8920666666666667
0.8730666666666667
0.8907333333333334
0.8859333333333334
0.9006
0.9062666666666667
0.9030666666666667
0.9084666666666666
0.9083333333333333
0.906
0.8908
0.9062
0.8905333333333333
0.8944
0.9078666666666667
0.9007333333333334
0.9022666666666667
0.9019333333333334
0.8863333333333333
0.8904666666666666
0.8953333333333333
0.8918666666666667
0.8938
0.8853333333333333
0.8915333333333333
0.8862666666666666
0.9036666666666666
0.8954
0.8988
0.8928666666666667
0.8874
0.8916
0.8914666666666666
0.8854666666666666
0.8877333333333334
0.8837333333333334
0.8816
0.8934666666666666
0.8866666666666667
0.8895333333333333
0.8896666666666667
0.9018666666666667
0.8954666666666666
0.9026666666666666
0.8966
0.901
0.8978666666666667
0.8894666666666666
0.9022666666666667
0.8988666666666667
0.8997333333333334
0.899
0.8989333333333334
0.889
0.9011333333333333
0.8913333333333333
0.902
0.8966
0.8974
0.8944
0.8892
0.8981333333333333
0.9002
0.8986666666666666
0.8964666666666666
0.8956666666666667
0.8994666666666666
0.9096666666666666
0.8891333333333333
0.8946
0.8909333333333334
0.9083333333333333
0.9061333333333333
0.8946666666666667
0.8960666666666667
0.8997333333333334
0.8828
0.9007333333333334
0.8934
0.8938
0.8934
0.8997333333333334
0.9007333333333334
0.8987333333333334
0.894
0.8961333333333333
