0.6936
0.8036
0.8328
0.8003
0.8758
0.8955
0.8854
0.883
0.8144
0.8661
0.9027
0.9115
0.81
0.903
0.8936
0.8961
0.8819
0.9446
0.9228
0.8796
0.9188
0.8751
0.862
0.9158
0.8836
0.8096
0.8697
0.9167
0.9381
0.8888
0.9188
0.8465
0.9178
0.918
0.9412
0.9435
0.9358
0.9476
0.946
0.9352
0.9563
0.9502
0.9486
0.958
0.9374
0.9442
0.9494
0.9502
0.9587
0.9597
0.951
0.9416
0.9429
0.9546
0.9478
0.9505
0.9399
0.9362
0.9355
0.9417
0.9424
0.9454
0.958
0.9494
0.9632
0.9605
0.9526
0.9598
0.9558
0.968
0.9691
0.9696
0.9627
0.9625
0.9544
0.9504
0.9539
0.9443
0.9544
0.9557
0.9509
0.9557
0.9541
0.9509
0.9532
0.9613
0.951
0.9583
0.9588
0.9474
0.9561
0.958
0.9544
0.9533
0.9614
0.9645
0.9552
0.9591
0.9545
0.9642
0.9609
0.9567
0.9559
0.9585
0.9581
0.9619
0.961
0.9513
0.9602
0.9594
0.9547
0.9572
0.9552
0.9588
0.9547
0.9461
0.9624
0.9613
0.9596
0.9551
0.9595
0.9564
0.9562
0.9538
0.9558
0.9482
0.9575
0.9553
0.9538
0.9541
0.9543
0.9513
0.9509
0.9607
0.9633
0.9634
0.953
0.9501
0.9601
0.9638
0.9667
0.962
0.9585
0.9611
0.9574
0.9587
0.9512
0.9578
0.9581
0.9599
