0.7185
0.7063
0.7817
0.6095
0.8323
0.7361
0.8124
0.8274
0.8172
0.8562
0.8636
0.853
0.877
0.8981
0.916
0.8965
0.851
0.8967
0.8287
0.921
0.8978
0.9251
0.8981
0.8828
0.9041
0.9146
0.8797
0.9296
0.9465
0.9114
0.8982
0.9078
0.9259
0.9113
0.8229
0.901
0.9244
0.9024
0.9186
0.9155
0.9105
0.9177
0.9173
0.9235
0.9372
0.922
0.9134
0.9371
0.9239
0.9232
0.9162
0.9151
0.9237
0.9296
0.9341
0.9275
0.9206
0.9195
0.9174
0.9263
0.9186
0.9348
0.9129
0.9198
0.93
0.9315
0.9105
0.9012
0.9262
0.9111
0.9251
0.9274
0.9329
0.9271
0.9201
0.9191
0.8923
0.9141
0.9182
0.9204
0.9186
0.9256
0.9122
0.9271
0.9131
0.9321
0.9197
0.9154
0.9234
0.9334
0.9268
0.914
0.9157
0.9199
0.9211
0.927
0.9249
0.9202
0.9179
0.922
0.9121
0.9181
0.9262
0.9265
0.9254
0.9295
0.9265
0.9215
0.9218
0.9148
0.923
0.9105
0.9253
0.9202
0.9224
0.9257
0.9207
0.929
0.922
0.9138
0.9251
0.9173
0.9248
0.9236
0.9204
0.9221
0.9226
0.9139
0.9195
0.9222
0.9135
0.9228
0.916
0.9168
0.9198
0.9225
0.9244
0.9088
0.9129
0.918
0.921
0.915
0.926
0.9168
0.9193
0.9228
0.9207
0.9162
0.9072
0.9205
