0.6183333333333333
0.6614666666666666
0.7296
0.755
0.8114666666666667
0.7797333333333333
0.8498666666666667
0.7929333333333334
0.8548666666666667
0.7945333333333333
0.8258666666666666
0.8885333333333333
0.8866
0.8732666666666666
0.8691333333333333
0.8828666666666667
0.8839333333333333
0.8733333333333333
0.8766
0.8799333333333333
0.9269333333333334
0.8923333333333333
0.8965333333333333
0.9218666666666666
0.8928666666666667
0.9241333333333334
0.9138666666666667
0.9316
0.8936
0.9242
0.9324
0.8970666666666667
0.9322666666666667
0.9242
0.9152
0.9445333333333333
0.9466
0.9486
0.954
0.9478
0.9470666666666666
0.9485333333333333
0.9480666666666666
0.952
0.9515333333333333
0.9485333333333333
0.9363333333333334
0.9476
0.9560666666666666
0.9518
0.9458666666666666
0.9498666666666666
0.9516666666666667
0.949
0.9421333333333334
0.9450666666666667
0.9508666666666666
0.9527333333333333
0.9572666666666667
0.9535333333333333
0.9546666666666667
0.9612
0.9551333333333333
0.9592
0.9469333333333333
0.9576666666666667
0.9566
0.9557333333333333
0.9566666666666667
0.9528666666666666
0.9526
0.9518666666666666
0.9499333333333333
0.9513333333333334
0.9481333333333334
0.952
0.9525333333333333
0.9565333333333333
0.9545333333333333
0.9558
0.9557333333333333
0.9558
0.9535333333333333
0.9566
0.9546
0.9534
0.9532
0.9568666666666666
0.953
0.9525333333333333
0.9536
0.9529333333333333
0.9544
0.9538666666666666
0.9536
0.9560666666666666
0.9512
0.9580666666666666
0.9551333333333333
0.9556
0.9600666666666666
0.9556666666666667
0.9526666666666667
0.9595333333333333
0.9542666666666667
0.9542666666666667
0.9576
0.9538666666666666
0.9588
0.9580666666666666
0.9563333333333334
0.9580666666666666
0.9564
0.9561333333333333
0.9563333333333334
0.9529333333333333
0.9567333333333333
0.9569333333333333
0.9553333333333334
0.9482
0.9556666666666667
0.9565333333333333
0.9579333333333333
0.9557333333333333
0.9569333333333333
0.9575333333333333
0.9570666666666666
0.9568
0.9558
0.9538666666666666
0.9554
0.9555333333333333
0.9551333333333333
0.9543333333333334
0.954
0.9552666666666667
0.9576
0.9553333333333334
0.9532666666666667
0.956
0.9578
0.958
0.9528
0.9543333333333334
0.9574666666666667
0.9580666666666666
0.9545333333333333
0.9574
0.9550666666666666
0.9577333333333333
