0.5040666666666667
0.6033333333333334
0.6756
0.5156
0.5847333333333333
0.6470666666666667
0.6867333333333333
0.6675333333333333
0.7008666666666666
0.7174666666666667
0.7359333333333333
0.6646666666666666
0.7903333333333333
0.7951333333333334
0.6968666666666666
0.7795333333333333
0.6729333333333334
0.7622666666666666
0.7404666666666667
0.7279333333333333
0.8083333333333333
0.7666
0.7279333333333333
0.7504
0.7348
0.7694666666666666
0.7066
0.8257333333333333
0.7075333333333333
0.6762
0.8178
0.8383333333333334
0.8699333333333333
0.79
0.8556666666666667
0.9033333333333333
0.8956666666666667
0.8910666666666667
0.8944
0.8784
0.9001333333333333
0.8882
0.8777333333333334
0.8800666666666667
0.8853333333333333
0.9056666666666666
0.8886666666666667
0.8962666666666667
0.8943333333333333
0.8959333333333334
0.9045333333333333
0.9011333333333333
0.9066666666666666
0.9118666666666667
0.8952666666666667
0.9076666666666666
0.8924666666666666
0.9120666666666667
0.9001333333333333
0.892
0.9022
0.9058666666666667
0.9055333333333333
0.9092666666666667
0.9063333333333333
0.9017333333333334
0.9058
0.9192666666666667
0.8994
0.9116666666666666
0.9102666666666667
0.9034
0.9036
0.9106666666666666
0.9202
0.9051333333333333
0.9147333333333333
0.9185333333333333
0.9092
0.9148666666666667
0.9236
0.9193333333333333
0.9138
0.9148
0.9119333333333334
0.917
0.9138666666666667
0.9176666666666666
0.9076
0.9182
0.9217333333333333
0.9066666666666666
0.9067333333333333
0.9185333333333333
0.9191333333333334
0.9095333333333333
0.917
0.9171333333333334
0.9206666666666666
0.9132666666666667
0.9145333333333333
0.9145333333333333
0.9168666666666667
0.9233333333333333
0.9186666666666666
0.9182
0.9138666666666667
0.9248
0.9180666666666667
0.9099333333333334
0.9174
0.911
0.9155333333333333
0.9179333333333334
0.917
0.9084666666666666
0.9111333333333334
0.911
0.906
0.9132
0.9044
0.9168
0.9236
0.9126
0.9142
0.9213333333333333
0.9118666666666667
0.9118666666666667
0.9055333333333333
0.9223333333333333
0.9041333333333333
0.9212
0.9152
0.91
0.9174
0.9076
0.9212
0.9115333333333333
0.9252666666666667
0.9162
0.9186
0.9144
0.9204
0.9213333333333333
0.9147333333333333
0.9117333333333333
0.9178
0.9133333333333333
0.9058
0.9152
