0.6395
0.7147
0.749
0.7194
0.7049
0.7992
0.7675
0.7952
0.8105
0.7395
0.8372
0.6931
0.8128
0.7762
0.8253
0.7056
0.8326
0.7945
0.7748
0.835
0.846
0.879
0.8411
0.8502
0.8699
0.8254
0.7231
0.8467
0.8202
0.8706
0.8698
0.8401
0.8607
0.8664
0.8653
0.8893
0.8881
0.908
0.9005
0.9099
0.9076
0.9106
0.8964
0.9104
0.9063
0.8884
0.9079
0.9071
0.9174
0.9105
0.9037
0.9219
0.9182
0.8955
0.9086
0.9121
0.9056
0.9205
0.8929
0.8927
0.9089
0.8977
0.8954
0.9221
0.8945
0.9127
0.9167
0.8919
0.8976
0.9124
0.9015
0.8989
0.9145
0.9119
0.9195
0.9095
0.9309
0.912
0.9202
0.9088
0.9111
0.91
0.9194
0.9215
0.9309
0.9293
0.9165
0.9313
0.9208
0.9208
0.9194
0.9152
0.9249
0.922
0.923
0.9171
0.9234
0.9205
0.9177
0.9182
0.9229
0.9151
0.9111
0.9135
0.914
0.9282
0.9175
0.9241
0.918
0.9089
0.9273
0.9182
0.9181
0.9134
0.911
0.9106
0.9322
0.9303
0.9208
0.934
0.9182
0.9279
0.9166
0.9261
0.9248
0.9171
0.922
0.9189
0.9201
0.9189
0.9242
0.9193
0.9098
0.9197
0.9301
0.9316
0.9265
0.9148
0.907
0.9243
0.919
0.9189
0.9223
0.9133
0.9105
0.9147
0.9268
0.9285
0.9208
0.9243
