0.6736666666666666
0.6982
0.7583333333333333
0.6926
0.7652
0.755
0.7766
0.7942
0.7693333333333333
0.7629333333333334
0.8174666666666667
0.8164666666666667
0.8125333333333333
0.8264
0.8296
0.7998
0.8094
0.8622
0.8199333333333333
0.8503333333333334
0.8505333333333334
0.8592
0.8624666666666667
0.8547333333333333
0.8708666666666667
0.8628
0.8164666666666667
0.8849333333333333
0.8753333333333333
0.8561333333333333
0.8459333333333333
0.8572666666666666
0.8168666666666666
0.8542666666666666
0.8678666666666667
0.8924666666666666
0.8935333333333333
0.9060666666666667
0.9063333333333333
0.9004
0.9076666666666666
0.8996
0.8879333333333334
0.9116666666666666
0.9175333333333333
0.9084
0.8987333333333334
0.9138666666666667
0.9018
0.904
0.9048
0.9090666666666667
0.9096666666666666
0.9078666666666667
0.9184666666666667
0.8924
0.9149333333333334
0.9135333333333333
0.9214666666666667
0.9131333333333334
0.9163333333333333
0.9142666666666667
0.9185333333333333
0.9168666666666667
0.9145333333333333
0.9098
0.9162666666666667
0.9108666666666667
0.8938
0.91
0.913
0.9179333333333334
0.9140666666666667
0.9243333333333333
0.9164666666666667
0.9183333333333333
0.9186666666666666
0.9180666666666667
0.9257333333333333
0.9243333333333333
0.9220666666666667
0.9179333333333334
0.9198
0.922
0.9230666666666667
0.9198
0.9262
0.9218
0.9181333333333334
0.9220666666666667
0.9206
0.9259333333333334
0.919
0.9219333333333334
0.9228666666666666
0.9213333333333333
0.9252666666666667
0.9208
0.9246
0.9206666666666666
0.9242666666666667
0.9313333333333333
0.9224666666666667
0.9242666666666667
0.9227333333333333
0.9226666666666666
0.9238
0.9228
0.9126666666666666
0.9214666666666667
0.9222
0.9146
0.9181333333333334
0.9218666666666666
0.9211333333333334
0.9216666666666666
0.918
0.9165333333333333
0.9254666666666667
0.9239333333333334
0.9199333333333334
0.9208
0.92
0.9190666666666667
0.9212
0.9176666666666666
0.9278666666666666
0.9174
0.9192
0.9266666666666666
0.9167333333333333
0.9133333333333333
0.9226
0.922
0.9231333333333334
0.9195333333333333
0.9258
0.9154
0.9210666666666667
0.9217333333333333
0.9202
0.9251333333333334
0.9197333333333333
0.9209333333333334
0.9244666666666667
0.9220666666666667
0.9131333333333334
0.9288
0.9206
0.9208
