0.8785
0.9051666666666667
0.957
0.9478333333333333
0.9725833333333334
0.9646666666666667
0.978
0.962
0.9411666666666667
0.9163333333333333
0.9520833333333333
0.96575
0.96425
0.917
0.92325
0.928
0.77675
0.983
0.9471666666666667
0.939
0.9555
0.837
0.9631666666666666
0.9663333333333334
0.9413333333333334
0.9696666666666667
0.9618333333333333
0.9411666666666667
0.9470833333333334
0.9086666666666666
0.9660833333333333
0.96775
0.9531666666666667
0.94025
0.9658333333333333
0.8765
0.9715833333333334
0.9256666666666666
0.9639166666666666
0.9668333333333333
0.9725833333333334
0.96825
0.9418333333333333
0.93325
0.9821666666666666
0.9463333333333334
0.9726666666666667
0.9569166666666666
0.9600833333333333
0.9729166666666667
0.9019166666666667
0.9685
0.951
0.9715
0.9665833333333333
0.9575833333333333
0.9471666666666667
0.9198333333333333
0.9231666666666667
0.9765833333333334
0.9838333333333333
0.9863333333333333
0.9835833333333334
0.9806666666666667
0.9840833333333333
0.9861666666666666
0.9858333333333333
0.9838333333333333
0.9875833333333334
0.9885833333333334
0.9894166666666667
0.9885
0.9873333333333333
0.9858333333333333
0.9846666666666667
0.9860833333333333
0.9863333333333333
0.9865833333333334
0.9868333333333333
0.9896666666666667
0.9899166666666667
0.9875
0.9893333333333333
0.9910833333333333
0.9905833333333334
0.9893333333333333
0.9903333333333333
0.9916666666666667
0.9894166666666667
0.987
0.9913333333333333
0.99325
0.9914166666666666
0.9574166666666667
0.9894166666666667
0.9905
0.99275
0.9921666666666666
0.9923333333333333
0.9893333333333333
0.9911666666666666
0.9919166666666667
0.9931666666666666
0.99275
0.9939166666666667
0.9835
0.9928333333333333
0.99275
0.9920833333333333
0.9925
0.9895
0.9936666666666667
0.9865
0.9668333333333333
0.9914166666666666
0.9909166666666667
0.9895833333333334
0.9904166666666666
0.9910833333333333
0.99425
0.9925
0.9924166666666666
0.99425
0.9935
0.99275
0.9928333333333333
0.9925
0.99375
0.99325
0.9928333333333333
0.9936666666666667
0.98625
0.9884166666666667
0.99
0.9921666666666666
0.9920833333333333
0.992
0.99325
0.9929166666666667
0.993
0.9921666666666666
0.9936666666666667
0.9923333333333333
0.99375
0.9948333333333333
0.9921666666666666
0.9936666666666667
0.9944166666666666
0.9936666666666667
0.9945
0.9926666666666667
0.9945
0.9946666666666667
0.9951666666666666
0.9945
0.9945833333333334
0.9940833333333333
0.994
0.9935
0.9925833333333334
0.9939166666666667
0.9925
0.9920833333333333
0.9933333333333333
0.9906666666666667
0.993
0.993
0.9918333333333333
0.9924166666666666
0.9931666666666666
0.99375
0.994
0.9938333333333333
0.9953333333333333
0.994
0.99475
0.9943333333333333
0.99475
0.9956666666666667
0.9945
