0.9168888888888889
0.8205
0.8665
0.8238333333333333
0.9670555555555556
0.8088333333333333
0.7711111111111111
0.8280555555555555
0.8111111111111111
0.8067777777777778
0.8645555555555555
0.826
0.8558333333333333
0.7071111111111111
0.9086666666666666
0.8788888888888889
0.892
0.8823888888888889
0.8231666666666667
0.6323888888888889
0.8612777777777778
0.8243888888888888
0.7492777777777778
0.965
0.9247777777777778
0.8794444444444445
0.8733888888888889
0.9542222222222222
0.8892777777777777
0.8768333333333334
0.934
0.9147222222222222
0.8789444444444444
0.8329444444444445
0.9360555555555555
0.8858888888888888
0.9183888888888889
0.8008888888888889
0.9074444444444445
0.9025555555555556
0.9047777777777778
0.9340555555555555
0.9096111111111111
0.8502777777777778
0.8186666666666667
0.9312777777777778
0.9121111111111111
0.9399444444444445
0.9505
0.9241666666666667
0.8603333333333333
0.9442222222222222
0.9495555555555556
0.9426666666666667
0.9688333333333333
0.9595555555555556
0.9265555555555556
0.7806111111111111
0.9316666666666666
0.7666666666666667
0.9662222222222222
0.9780555555555556
0.9661666666666666
0.9736111111111111
0.9686111111111111
0.9700555555555556
0.9769444444444444
0.9783888888888889
0.9748333333333333
0.9756111111111111
0.9775
0.9790555555555556
0.9843888888888889
0.9785
0.9801666666666666
0.9856666666666667
0.9836666666666667
0.9849444444444444
0.9828333333333333
0.9851666666666666
0.9853333333333333
0.982
0.9775
0.9800555555555556
0.976
0.9841666666666666
0.9818333333333333
0.9886111111111111
0.9796111111111111
0.9832777777777778
0.9787777777777777
0.9866111111111111
0.9887777777777778
0.9856111111111111
0.9905
0.9868333333333333
0.9901111111111112
0.9818888888888889
0.9866666666666667
0.9748333333333333
0.9876111111111111
0.9913888888888889
0.9788333333333333
0.9868333333333333
0.9812777777777778
0.9878333333333333
0.9857222222222223
0.9856111111111111
0.9895
0.9906666666666667
0.9853333333333333
0.9879444444444444
0.9783888888888889
0.9852777777777778
0.9787777777777777
0.9842777777777778
0.9831666666666666
0.9827222222222223
0.9887222222222222
0.9822222222222222
0.9873333333333333
0.9883888888888889
0.9885555555555555
0.9891666666666666
0.9886111111111111
0.9868888888888889
0.9880555555555556
0.9868888888888889
0.9910555555555556
0.9889444444444444
0.9903333333333333
0.9901111111111112
0.9896666666666667
0.9908333333333333
0.9917222222222222
0.9907777777777778
0.9937777777777778
0.9909444444444444
0.9902777777777778
0.9924444444444445
0.9919444444444444
0.9918888888888889
0.9925
0.9926666666666667
0.9922222222222222
0.9917777777777778
0.9926666666666667
0.9917777777777778
0.9915
0.9901666666666666
0.9904444444444445
0.9917777777777778
0.9899444444444444
0.9939444444444444
0.9915555555555555
0.9932777777777778
0.9932777777777778
0.9921666666666666
0.9927222222222222
0.9926111111111111
0.9928888888888889
0.9925
0.9937222222222222
0.9923333333333333
0.9923333333333333
0.9917777777777778
0.9940555555555556
0.9890555555555556
0.9925
0.991
0.9918333333333333
0.9911666666666666
0.9927222222222222
0.9933333333333333
0.9932222222222222
0.9923888888888889
0.9931666666666666
0.9935555555555555
0.9934444444444445
0.9911666666666666
