0.9563333333333334
0.9361666666666667
0.9698333333333333
0.9581666666666667
0.9831666666666666
0.9821666666666666
0.9746111111111111
0.9685555555555555
0.9830555555555556
0.979
0.9832222222222222
0.9572777777777778
0.9727777777777777
0.9823333333333333
0.9645555555555556
0.9860555555555556
0.9382222222222222
0.9500555555555555
0.9888333333333333
0.9858333333333333
0.9881111111111112
0.9863888888888889
0.9642222222222222
0.9751666666666666
0.9717777777777777
0.9692222222222222
0.9805555555555555
0.9882777777777778
0.9822222222222222
0.9820555555555556
0.9833888888888889
0.9827777777777778
0.9801111111111112
0.9776666666666667
0.9803888888888889
0.9833888888888889
0.9845
0.9850555555555556
0.9824444444444445
0.9651111111111111
0.9879444444444444
0.9666111111111111
0.9768888888888889
0.9712222222222222
0.9805555555555555
0.9828888888888889
0.9746111111111111
0.9865
0.9898888888888889
0.9867777777777778
0.987
0.9757777777777777
0.9836111111111111
0.9822777777777778
0.9916111111111111
0.9861111111111112
0.985
0.9553333333333334
0.9793333333333333
0.9667222222222223
0.9943333333333333
0.9947222222222222
0.9935555555555555
0.9951111111111111
0.9946666666666667
0.9949444444444444
0.9956666666666667
0.9948333333333333
0.9939444444444444
0.9951666666666666
0.9918333333333333
0.9937222222222222
0.9938888888888889
0.9957222222222222
0.9961111111111111
0.9946666666666667
0.9958888888888889
0.9951666666666666
0.9940555555555556
0.9969444444444444
0.9965555555555555
0.9958888888888889
0.9931111111111111
0.9971111111111111
0.9952777777777778
0.9966666666666667
0.9951666666666666
0.9967222222222222
0.9967777777777778
0.9957777777777778
0.9954444444444445
0.9955
0.9961666666666666
0.9971666666666666
0.9968888888888889
0.9962777777777778
0.9953888888888889
0.9961111111111111
0.9971666666666666
0.9951111111111111
0.9958888888888889
0.9964444444444445
0.9965555555555555
0.9936666666666667
0.997
0.9937222222222222
0.9951666666666666
0.9975555555555555
0.9966111111111111
0.9961666666666666
0.9968888888888889
0.9952222222222222
0.9962222222222222
0.9946666666666667
0.9954444444444445
0.9951666666666666
0.9891666666666666
0.9946666666666667
0.9925
0.9952222222222222
0.9959444444444444
0.9972777777777778
0.9965555555555555
0.9976111111111111
0.9956666666666667
0.9972777777777778
0.9954444444444445
0.9966111111111111
0.9967777777777778
0.9971111111111111
0.997
0.9972222222222222
0.997
0.9973333333333333
0.9978333333333333
0.9974444444444445
0.9976666666666667
0.9967777777777778
0.9973333333333333
0.9968888888888889
0.9967222222222222
0.9966666666666667
0.9974444444444445
0.9972777777777778
0.9982777777777778
0.9973888888888889
0.9965555555555555
0.9972777777777778
0.9977222222222222
0.9977222222222222
0.998
0.9969444444444444
0.9981666666666666
0.9973888888888889
0.9978333333333333
0.9981111111111111
0.9968888888888889
0.9978888888888889
0.9975555555555555
0.9972777777777778
0.998
0.9972777777777778
0.9975555555555555
0.9980555555555556
0.9914444444444445
0.9976666666666667
0.9982777777777778
0.998
0.9972222222222222
0.9976111111111111
0.9972777777777778
0.9985555555555555
0.998
0.9983888888888889
0.9981666666666666
0.9983888888888889
0.9976666666666667
0.9971111111111111
0.9983888888888889
0.9973333333333333
