0.8688888888888889
0.8353333333333334
0.9249444444444445
0.8562777777777778
0.8594444444444445
0.8578333333333333
0.7553333333333333
0.7190555555555556
0.8288888888888889
0.8532222222222222
0.8833333333333333
0.9005
0.8145
0.7903333333333333
0.9282222222222222
0.8140555555555555
0.6093888888888889
0.9530555555555555
0.9211111111111111
0.8316111111111111
0.8633888888888889
0.9019444444444444
0.8054444444444444
0.8339444444444445
0.7575555555555555
0.9046111111111111
0.9055
0.7881666666666667
0.8523333333333334
0.7839444444444444
0.8103888888888889
0.8666666666666667
0.916
0.9342777777777778
0.7171666666666666
0.9265555555555556
0.8875
0.7893333333333333
0.8552777777777778
0.8892777777777777
0.8298333333333333
0.8810555555555556
0.8095555555555556
0.8522222222222222
0.7742777777777777
0.8827777777777778
0.8576111111111111
0.6318333333333334
0.9516111111111111
0.9376111111111111
0.947
0.8991666666666667
0.8372777777777778
0.8576111111111111
0.9385555555555556
0.9224444444444444
0.8743888888888889
0.9153333333333333
0.9532777777777778
0.8143888888888889
0.925
0.9333333333333333
0.9402222222222222
0.9282777777777778
0.9349444444444445
0.9416111111111111
0.9484444444444444
0.9411666666666667
0.956
0.947
0.9365555555555556
0.9486666666666667
0.9400555555555555
0.954
0.9588333333333333
0.9565555555555556
0.9465
0.9568888888888889
0.9588888888888889
0.9512222222222222
0.9595
0.9308333333333333
0.9621666666666666
0.9529444444444445
0.9515
0.9556111111111111
0.9575555555555556
0.9658888888888889
0.9362777777777778
0.9326666666666666
0.9548333333333333
0.968
0.9675555555555555
0.9512777777777778
0.9530555555555555
0.9555
0.9583333333333334
0.9625
0.9190555555555555
0.9554444444444444
0.9617777777777777
0.9352222222222222
0.9513888888888888
0.9335555555555556
0.9513888888888888
0.9555
0.9649444444444445
0.9661111111111111
0.9385
0.9488333333333333
0.951
0.8144444444444444
0.9525
0.9648888888888889
0.9632777777777778
0.9488333333333333
0.9624444444444444
0.9687777777777777
0.9376666666666666
0.9707777777777777
0.9615555555555556
0.9688888888888889
0.9658333333333333
0.9638333333333333
0.9445
0.9697777777777777
0.9716666666666667
0.9501666666666667
0.9623333333333334
0.9568333333333333
0.9640555555555556
0.9650555555555556
0.9671666666666666
0.9605555555555556
0.9597777777777777
0.9657222222222223
0.9712777777777778
0.9712222222222222
0.9656666666666667
0.961
0.9598333333333333
0.9539444444444445
0.9656666666666667
0.9593888888888888
0.9593333333333334
0.9625555555555556
0.9659444444444445
0.9753333333333334
0.9595
0.9715555555555555
0.9628333333333333
0.9593333333333334
0.9697222222222223
0.9689444444444445
0.971
0.9675
0.9614444444444444
0.9598333333333333
0.9702777777777778
0.9677222222222223
0.9711111111111111
0.9686111111111111
0.9650555555555556
0.9724444444444444
0.9762777777777778
0.9671666666666666
0.9616111111111111
0.9713333333333334
0.9756666666666667
0.9682777777777778
0.9664444444444444
0.9678333333333333
0.9611111111111111
0.9633888888888889
0.9666111111111111
0.9708333333333333
0.9724444444444444
0.9786666666666667
0.9725
0.9730555555555556
