0.863875
0.8834166666666666
0.8815416666666667
0.8836666666666667
0.8970416666666666
0.8759166666666667
0.93575
0.923875
0.8935
0.7510416666666667
0.926
0.8979583333333333
0.872625
0.8775833333333334
0.8786666666666667
0.8522916666666667
0.8909166666666667
0.8864166666666666
0.9099583333333333
0.9150416666666666
0.92175
0.911125
0.8621666666666666
0.92775
0.9064166666666666
0.9065416666666667
0.915375
0.9269583333333333
0.904125
0.9312916666666666
0.9422916666666666
0.9284583333333334
0.9452916666666666
0.913875
0.9157083333333333
0.9404583333333333
0.9301666666666667
0.9321666666666667
0.946125
0.933125
0.930125
0.9385416666666667
0.9464166666666667
0.9182916666666666
0.9344583333333333
0.9339583333333333
0.933375
0.9469166666666666
0.9383333333333334
0.9457083333333334
0.9365416666666667
0.9262916666666666
0.9226666666666666
0.9318333333333333
0.8905416666666667
0.93175
0.9242083333333333
0.9421666666666667
0.9305833333333333
0.913375
0.95725
0.9571666666666667
0.9569166666666666
0.9620833333333333
0.960625
0.96275
0.9625
0.9627916666666667
0.9660416666666667
0.9626666666666667
0.9629583333333334
0.9650416666666667
0.966625
0.965
0.9633333333333334
0.96625
0.9657083333333333
0.9692083333333333
0.9673333333333334
0.9638333333333333
0.9680416666666667
0.9677083333333333
0.9660833333333333
0.968625
0.966125
0.9680416666666667
0.9663333333333334
0.9671666666666666
0.966125
0.9635833333333333
0.9683333333333334
0.967
0.9692083333333333
0.967125
0.9689583333333334
0.96625
0.9625833333333333
0.965625
0.9685
0.9684583333333333
0.9675416666666666
0.9625416666666666
0.9648333333333333
0.9645833333333333
0.9587916666666667
0.9669583333333334
0.966875
0.9619166666666666
0.9649166666666666
0.9652083333333333
0.9665416666666666
0.9640416666666667
0.9606666666666667
0.966
0.9644583333333333
0.9649583333333334
0.9660416666666667
0.9695833333333334
0.965375
0.9629166666666666
0.9699166666666666
0.97325
0.97275
0.9709166666666667
0.9733333333333334
0.9736666666666667
0.9737083333333333
0.973375
0.974125
0.974625
0.9757083333333333
0.9750833333333333
0.9740833333333333
0.9755833333333334
0.9743333333333334
0.9745416666666666
0.9742083333333333
0.9760833333333333
0.9745
0.9759166666666667
0.9745
0.9747916666666666
0.9755416666666666
0.97625
0.9757916666666666
0.976125
0.9760416666666667
0.9775416666666666
0.9759583333333334
0.9764583333333333
0.976625
0.976
0.974875
0.9772916666666667
0.9755416666666666
0.9759583333333334
0.9769583333333334
0.9773333333333334
0.9775
0.97675
0.9765833333333334
0.9775416666666666
0.9770416666666667
0.9760833333333333
0.977625
0.9777916666666666
0.9771666666666666
0.976625
0.976625
0.9770416666666667
0.97625
0.976
0.9768333333333333
0.9765833333333334
0.9788333333333333
0.9784166666666667
0.978
0.9799583333333334
0.9767083333333333
0.9789166666666667
