0.7783333333333333
0.7839444444444444
0.7430555555555556
0.7440555555555556
0.6135
0.4681111111111111
0.7413333333333333
0.7977222222222222
0.7331111111111112
0.8152777777777778
0.6943888888888889
0.7932777777777777
0.8277222222222222
0.7445
0.7269444444444444
0.8632777777777778
0.8213888888888888
0.8267777777777777
0.6752777777777778
0.8119444444444445
0.8178333333333333
0.8336666666666667
0.6756111111111112
0.7704444444444445
0.8702777777777778
0.8388333333333333
0.8901111111111111
0.8763888888888889
0.8708888888888889
0.8616666666666667
0.8556111111111111
0.7414444444444445
0.7608333333333334
0.8602777777777778
0.8971111111111111
0.8986666666666666
0.7905555555555556
0.7878333333333334
0.8759444444444444
0.8579444444444444
0.8758888888888889
0.9154444444444444
0.8066666666666666
0.8944444444444445
0.8831111111111111
0.8708888888888889
0.8394444444444444
0.8145
0.874
0.8548333333333333
0.822
0.8853888888888889
0.8776111111111111
0.8613333333333333
0.8747222222222222
0.8440555555555556
0.8757777777777778
0.9061666666666667
0.8990555555555556
0.8467222222222223
0.9034444444444445
0.9185555555555556
0.931
0.9289444444444445
0.9188333333333333
0.9331111111111111
0.9371666666666667
0.9356666666666666
0.9325
0.9285555555555556
0.9308333333333333
0.9362777777777778
0.9428333333333333
0.9424444444444444
0.9386666666666666
0.9373888888888889
0.9467777777777778
0.9456111111111111
0.9448888888888889
0.9487222222222222
0.9483333333333334
0.9081666666666667
0.9498333333333333
0.9441111111111111
0.9468333333333333
0.9362222222222222
0.9493888888888888
0.9502777777777778
0.944
0.9492222222222222
0.9475555555555556
0.9462777777777778
0.948
0.9392777777777778
0.9455
0.9515
0.9463333333333334
0.947
0.9478888888888889
0.9457777777777778
0.9504444444444444
0.9442777777777778
0.9448333333333333
0.9525555555555556
0.9485555555555556
0.9506111111111111
0.9327222222222222
0.9462222222222222
0.9473333333333334
0.9360555555555555
0.9491666666666667
0.9500555555555555
0.9442777777777778
0.9349444444444445
0.9397777777777778
0.9495555555555556
0.9334444444444444
0.9447222222222222
0.9388888888888889
0.9506111111111111
0.9562222222222222
0.9571666666666667
0.9608333333333333
0.9591111111111111
0.9622222222222222
0.9620555555555556
0.9628888888888889
0.9627777777777777
0.9582222222222222
0.9595555555555556
0.9599444444444445
0.9632222222222222
0.9612777777777778
0.9622222222222222
0.9632222222222222
0.9620555555555556
0.9623333333333334
0.9633888888888889
0.9573888888888888
0.9615555555555556
0.9613888888888888
0.9628333333333333
0.9638888888888889
0.9600555555555556
0.9610555555555556
0.9622222222222222
0.9606666666666667
0.9617222222222223
0.9598333333333333
0.9615555555555556
0.9656666666666667
0.9627777777777777
0.9629444444444445
0.9630555555555556
0.9619444444444445
0.9626111111111111
0.961
0.9666666666666667
0.9654444444444444
0.9661111111111111
0.9655
0.9602777777777778
0.9603888888888888
0.9657777777777777
0.9652222222222222
0.9642222222222222
0.9638333333333333
0.9652777777777778
0.9623888888888888
0.9642222222222222
0.9623888888888888
0.9666666666666667
0.9647777777777777
0.9671111111111111
0.9638888888888889
0.9630555555555556
0.9630555555555556
0.9622777777777778
0.9668333333333333
0.9646111111111111
