0.8842777777777778
0.8895555555555555
0.9296666666666666
0.9563333333333334
0.9321111111111111
0.9301666666666667
0.9201111111111111
0.9492777777777778
0.8903888888888889
0.9435555555555556
0.8628333333333333
0.9053888888888889
0.9671111111111111
0.7960555555555555
0.9455555555555556
0.8996666666666666
0.9605
0.918
0.9531111111111111
0.9725
0.9513333333333334
0.9607222222222223
0.7996111111111112
0.9325555555555556
0.9738333333333333
0.9630555555555556
0.9713888888888889
0.9494444444444444
0.9634444444444444
0.9268888888888889
0.9372777777777778
0.9716666666666667
0.9723888888888889
0.9652222222222222
0.9832777777777778
0.9089444444444444
0.9657777777777777
0.9690555555555556
0.9805
0.9654444444444444
0.9733888888888889
0.9781111111111112
0.9766111111111111
0.9748888888888889
0.928
0.9361666666666667
0.9468333333333333
0.9331666666666667
0.9764444444444444
0.9792777777777778
0.9601111111111111
0.9820555555555556
0.9536666666666667
0.9132222222222223
0.951
0.9718888888888889
0.9565
0.9422777777777778
0.9602222222222222
0.9795555555555555
0.9880555555555556
0.9840555555555556
0.9721111111111111
0.9522777777777778
0.9381666666666667
0.9305555555555556
0.9455555555555556
0.9071111111111111
0.8872222222222222
0.9575555555555556
0.9388888888888889
0.9587777777777777
0.917
0.8646111111111111
0.9236111111111112
0.9281111111111111
0.8946111111111111
0.9331666666666667
0.9438888888888889
0.9081666666666667
0.9279444444444445
0.9217777777777778
0.8911666666666667
0.9141111111111111
0.8955
0.939
0.9298888888888889
0.901
0.961
0.9440555555555555
0.9256666666666666
0.9258333333333333
0.9328333333333333
0.9331111111111111
0.9483333333333334
0.9653888888888889
0.9796111111111111
0.9910555555555556
0.9740555555555556
0.9591111111111111
0.9244444444444444
0.9874444444444445
0.9878333333333333
0.9910555555555556
0.9914444444444445
0.9667222222222223
0.9853888888888889
0.9915555555555555
0.9813333333333333
0.9832777777777778
0.9867777777777778
0.9822222222222222
0.9917222222222222
0.9858888888888889
0.9573333333333334
0.9924444444444445
0.994
0.9882777777777778
0.9772222222222222
0.9898333333333333
0.9897222222222222
0.9933888888888889
0.9927777777777778
0.9938333333333333
0.9863888888888889
0.9860555555555556
0.9947222222222222
0.9468888888888889
0.9882222222222222
0.9943888888888889
0.9825555555555555
0.9878888888888889
0.9932777777777778
0.9862222222222222
0.9886666666666667
0.9624444444444444
0.9942222222222222
0.9881666666666666
0.9941666666666666
0.9407222222222222
0.9937777777777778
0.9810555555555556
0.9925555555555555
0.9887222222222222
0.9935
0.9933888888888889
0.9946111111111111
0.9697222222222223
0.9894444444444445
0.9922222222222222
0.9942777777777778
0.9417777777777778
0.9500555555555555
0.9903333333333333
0.9777777777777777
0.9944444444444445
0.9876111111111111
0.9390555555555555
0.9917222222222222
0.9932222222222222
0.9817777777777777
0.9901111111111112
0.9936666666666667
0.9842222222222222
0.9816666666666667
0.9555555555555556
0.9882222222222222
0.9632222222222222
0.9923333333333333
0.9895555555555555
0.9783333333333334
0.9848888888888889
0.9799444444444444
0.9842222222222222
0.9925555555555555
0.9932777777777778
0.9938333333333333
0.9934444444444445
0.9865
0.9952222222222222
