0.7413333333333333
0.7770416666666666
0.906
0.7888333333333334
0.8574166666666667
0.8419583333333334
0.8443333333333334
0.9285416666666667
0.8836666666666667
0.9121666666666667
0.9045416666666667
0.93475
0.8810416666666666
0.8982916666666667
0.9267916666666667
0.9132083333333333
0.9100416666666666
0.7675833333333333
0.8861666666666667
0.896125
0.9417916666666667
0.882
0.8114166666666667
0.9176666666666666
0.8859166666666667
0.8924166666666666
0.8952916666666667
0.9002083333333334
0.9490416666666667
0.93225
0.8465
0.9457083333333334
0.719625
0.9230416666666666
0.932
0.9422083333333333
0.8978333333333334
0.9475833333333333
0.8364583333333333
0.92075
0.88875
0.9218333333333333
0.9459166666666666
0.857875
0.81375
0.8698333333333333
0.918125
0.908625
0.9204166666666667
0.929375
0.9387083333333334
0.883625
0.9326666666666666
0.9057083333333333
0.916625
0.869375
0.9083333333333333
0.943375
0.9175416666666667
0.94725
0.9675833333333334
0.9682083333333333
0.96475
0.9679583333333334
0.9622916666666667
0.968875
0.9718333333333333
0.969
0.9642083333333333
0.9627916666666667
0.964625
0.9643333333333334
0.9603333333333334
0.9687083333333333
0.9715
0.9655416666666666
0.9692083333333333
0.96975
0.9549166666666666
0.9548333333333333
0.960875
0.971875
0.9679166666666666
0.957875
0.9685
0.9643333333333334
0.9605416666666666
0.9667916666666667
0.9359166666666666
0.9609166666666666
0.9665
0.9581666666666667
0.9684583333333333
0.9678333333333333
0.9771666666666666
0.9490416666666667
0.9596666666666667
0.9687083333333333
0.9712916666666667
0.9600833333333333
0.9729166666666667
0.9597916666666667
0.947625
0.96325
0.9612916666666667
0.9517916666666667
0.9576666666666667
0.9654583333333333
0.9629166666666666
0.9402083333333333
0.9419583333333333
0.9460833333333334
0.9633333333333334
0.9669166666666666
0.974625
0.9659583333333334
0.958125
0.9370833333333334
0.959875
0.9578333333333333
0.9734583333333333
0.97175
0.9695416666666666
0.971125
0.965375
0.9750416666666667
0.9735416666666666
0.9700833333333333
0.9697083333333333
0.9705
0.9777083333333333
0.9751666666666666
0.9739166666666667
0.9710833333333333
0.9780833333333333
0.9787083333333333
0.970625
0.9752916666666667
0.972875
0.9765
0.97775
0.964125
0.97525
0.9718333333333333
0.9742916666666667
0.975875
0.9753333333333334
0.9763333333333334
0.9753333333333334
0.977
0.9772083333333333
0.9775833333333334
0.972125
0.9787083333333333
0.975625
0.97825
0.981375
0.9780416666666667
0.9735416666666666
0.981875
0.9760416666666667
0.9786666666666667
0.979125
0.976
0.9740416666666667
0.9805
0.9785833333333334
0.9762083333333333
0.97125
0.9815
0.9762916666666667
0.97575
0.9767916666666666
0.9707083333333333
0.9776666666666667
0.973
0.9757083333333333
0.9734166666666667
0.9792916666666667
0.9846666666666667
