0.8597777777777778
0.8635
0.8903888888888889
0.8349444444444445
0.9122222222222223
0.8863333333333333
0.8298333333333333
0.8208333333333333
0.9128333333333334
0.8867777777777778
0.9068333333333334
0.8346111111111111
0.9581111111111111
0.8907777777777778
0.8801111111111111
0.8604444444444445
0.8328333333333333
0.8035555555555556
0.9146666666666666
0.8383333333333334
0.8836111111111111
0.9272777777777778
0.9145555555555556
0.923
0.9492222222222222
0.9562222222222222
0.8782222222222222
0.9288888888888889
0.8744444444444445
0.9320555555555555
0.9526666666666667
0.9381666666666667
0.8688888888888889
0.9403888888888889
0.8600555555555556
0.8300555555555555
0.9366111111111111
0.9163333333333333
0.9661111111111111
0.9361111111111111
0.9528888888888889
0.9269444444444445
0.9221111111111111
0.9477777777777778
0.9455555555555556
0.9405555555555556
0.9461666666666667
0.8931111111111111
0.9586111111111111
0.9298333333333333
0.9252777777777778
0.9526111111111111
0.9606111111111111
0.9592222222222222
0.9254444444444444
0.9433888888888889
0.8877222222222222
0.9237222222222222
0.9243333333333333
0.9536666666666667
0.9723333333333334
0.9763888888888889
0.9736111111111111
0.9764444444444444
0.9736666666666667
0.9735
0.9769444444444444
0.9772777777777778
0.9796666666666667
0.9762222222222222
0.9791111111111112
0.9748333333333333
0.9777222222222223
0.9809444444444444
0.9765555555555555
0.9810555555555556
0.9815555555555555
0.9781111111111112
0.9811111111111112
0.9800555555555556
0.9819444444444444
0.9805
0.9798888888888889
0.9812222222222222
0.9787222222222223
0.9815
0.9796111111111111
0.9825
0.9826111111111111
0.9809444444444444
0.973
0.9831111111111112
0.9787222222222223
0.9847777777777778
0.9815555555555555
0.9831666666666666
0.9811666666666666
0.9814444444444445
0.9808333333333333
0.9828888888888889
0.9845
0.9789444444444444
0.9769444444444444
0.9825
0.977
0.9816111111111111
0.9781111111111112
0.9822777777777778
0.9826666666666667
0.9825
0.9833333333333333
0.977
0.9774444444444444
0.9755555555555555
0.9752777777777778
0.9823888888888889
0.9796111111111111
0.9805
0.9801111111111112
0.9773888888888889
0.9825
0.9848333333333333
0.9838333333333333
0.9850555555555556
0.9861666666666666
0.9855555555555555
0.9837222222222223
0.9865
0.9853888888888889
0.9850555555555556
0.9865555555555555
0.9853888888888889
0.9868333333333333
0.9866666666666667
0.9856666666666667
0.9851666666666666
0.9865
0.9873888888888889
0.9854444444444445
0.9873888888888889
0.9865
0.9866111111111111
0.9865
0.9876111111111111
0.9878888888888889
0.9862777777777778
0.9862222222222222
0.9871111111111112
0.9874444444444445
0.9858888888888889
0.9875
0.9882777777777778
0.9878333333333333
0.9864444444444445
0.9879444444444444
0.9872222222222222
0.9875
0.9881666666666666
0.987
0.9870555555555556
0.9883333333333333
0.9882222222222222
0.9875
0.9887222222222222
0.9886111111111111
0.9886111111111111
0.9868888888888889
0.9883333333333333
0.9868333333333333
0.9896111111111111
0.9883888888888889
0.9886666666666667
0.9892777777777778
0.9884444444444445
0.9888333333333333
0.988
0.9891111111111112
0.9876666666666667
0.9878888888888889
0.9876111111111111
