0.8101666666666667
0.881
0.821625
0.855125
0.8935
0.8277916666666667
0.8866666666666667
0.7748333333333334
0.874125
0.83475
0.8075416666666667
0.8045833333333333
0.8840833333333333
0.8775833333333334
0.884375
0.8930416666666666
0.8905
0.8789166666666667
0.9143333333333333
0.858625
0.89075
0.825625
0.887
0.8434166666666667
0.8979583333333333
0.8795416666666667
0.9065833333333333
0.8368333333333333
0.8491666666666666
0.885625
0.9044583333333334
0.8709166666666667
0.8645
0.9077083333333333
0.7504583333333333
0.8812083333333334
0.9072083333333333
0.911125
0.9007083333333333
0.8719166666666667
0.76575
0.899
0.9067083333333333
0.8982083333333334
0.905
0.8953333333333333
0.906875
0.9090833333333334
0.896
0.8945
0.9094583333333334
0.8924166666666666
0.8541666666666666
0.9107916666666667
0.8884583333333333
0.9167083333333333
0.9187916666666667
0.916125
0.90725
0.9017083333333333
0.942375
0.9445416666666666
0.9455
0.9472083333333333
0.946
0.9480416666666667
0.9494166666666667
0.9485
0.9502083333333333
0.9482083333333333
0.950125
0.9497083333333334
0.9534583333333333
0.9522916666666666
0.9508333333333333
0.9504583333333333
0.9534583333333333
0.9524166666666667
0.9537916666666667
0.953125
0.9528333333333333
0.9523333333333334
0.9548333333333333
0.9534583333333333
0.9532083333333333
0.9511666666666667
0.95275
0.9502916666666666
0.9559583333333334
0.9537083333333334
0.9561666666666667
0.950625
0.9565
0.9535
0.9545416666666666
0.9505
0.9415416666666667
0.9490416666666667
0.953375
0.950125
0.9515833333333333
0.9542916666666666
0.9535833333333333
0.9512083333333333
0.9502916666666666
0.9477083333333334
0.9475416666666666
0.9499583333333333
0.949125
0.930375
0.95275
0.9545
0.9555
0.9524583333333333
0.9390833333333334
0.93775
0.9526666666666667
0.9530833333333333
0.954625
0.958875
0.9595416666666666
0.9617083333333334
0.963
0.95975
0.9640833333333333
0.964
0.964
0.9635
0.9647083333333333
0.9647916666666667
0.9639583333333334
0.9650833333333333
0.964125
0.965625
0.9644166666666667
0.9675
0.96425
0.9647083333333333
0.9650833333333333
0.9666666666666667
0.9670833333333333
0.9647916666666667
0.966875
0.9673333333333334
0.968375
0.9679583333333334
0.9684583333333333
0.9625833333333333
0.9695416666666666
0.9659583333333334
0.9668333333333333
0.9671666666666666
0.9659583333333334
0.9663333333333334
0.967625
0.9665833333333333
0.9667083333333333
0.9685
0.968375
0.9691666666666666
0.968125
0.9672916666666667
0.9685
0.9689166666666666
0.9689583333333334
0.9685416666666666
0.9675833333333334
0.9666666666666667
0.968125
0.968
0.9705
0.9692083333333333
0.9701666666666666
0.9699583333333334
0.9675833333333334
0.9670833333333333
0.9706666666666667
0.9685833333333334
0.9708333333333333
0.9709583333333334
