0.498
0.805
0.9456666666666667
0.8821666666666667
0.8678333333333333
0.8735
0.90675
0.9428333333333333
0.88025
0.9374166666666667
0.9203333333333333
0.91475
0.7595833333333334
0.84225
0.941
0.9528333333333333
0.9353333333333333
0.8885833333333333
0.9195
0.9373333333333334
0.9164166666666667
0.60375
0.8698333333333333
0.9385
0.9268333333333333
0.9729166666666667
0.9664166666666667
0.93875
0.9658333333333333
0.8866666666666667
0.91125
0.92425
0.8931666666666667
0.9855833333333334
0.901
0.9613333333333334
0.9215
0.8526666666666667
0.9068333333333334
0.9255833333333333
0.9321666666666667
0.88925
0.9704166666666667
0.9266666666666666
0.9449166666666666
0.969
0.9565833333333333
0.9560833333333333
0.83875
0.8954166666666666
0.90675
0.9326666666666666
0.9456666666666667
0.938
0.91725
0.9319166666666666
0.9675
0.9538333333333333
0.9800833333333333
0.9705
0.9895833333333334
0.98425
0.991
0.9899166666666667
0.98775
0.9893333333333333
0.99075
0.9910833333333333
0.9880833333333333
0.9885833333333334
0.9901666666666666
0.9933333333333333
0.9903333333333333
0.9893333333333333
0.992
0.98825
0.99325
0.9929166666666667
0.99275
0.9919166666666667
0.9859166666666667
0.99175
0.9919166666666667
0.9935833333333334
0.9930833333333333
0.99175
0.9939166666666667
0.9906666666666667
0.9914166666666666
0.9935
0.9890833333333333
0.9925
0.9951666666666666
0.9941666666666666
0.9923333333333333
0.993
0.9924166666666666
0.9933333333333333
0.9905
0.9939166666666667
0.99375
0.9925
0.9900833333333333
0.9933333333333333
0.9915833333333334
0.9895
0.992
0.991
0.9933333333333333
0.9918333333333333
0.9905
0.99225
0.9886666666666667
0.9915833333333334
0.99275
0.9943333333333333
0.99175
0.984
0.9785833333333334
0.986
0.988
0.9900833333333333
0.9898333333333333
0.99075
0.9923333333333333
0.99125
0.9908333333333333
0.99125
0.9919166666666667
0.9920833333333333
0.9925
0.99175
0.9905833333333334
0.99175
0.9909166666666667
0.9928333333333333
0.9936666666666667
0.9928333333333333
0.99325
0.9909166666666667
0.9913333333333333
0.993
0.9905
0.9931666666666666
0.9925833333333334
0.9918333333333333
0.9906666666666667
0.9928333333333333
0.9911666666666666
0.9924166666666666
0.99075
0.9899166666666667
0.9946666666666667
0.9925
0.98825
0.9925
0.9925833333333334
0.9895
0.9918333333333333
0.9934166666666666
0.99225
0.9919166666666667
0.99475
0.9896666666666667
0.99175
0.99175
0.9929166666666667
0.9903333333333333
0.991
0.9914166666666666
0.9904166666666666
0.9924166666666666
0.98875
0.9881666666666666
0.9906666666666667
0.9895833333333334
0.99325
0.9908333333333333
0.9925
0.9928333333333333
