0.8059166666666666
0.8740833333333333
0.8995
0.7873333333333333
0.9265833333333333
0.8933333333333333
0.9085833333333333
0.913
0.81725
0.8293333333333334
0.95475
0.8563333333333333
0.86525
0.8803333333333333
0.8815
0.94675
0.89825
0.8843333333333333
0.753
0.84275
0.88525
0.89825
0.8911666666666667
0.828
0.9315833333333333
0.93525
0.8890833333333333
0.919
0.9141666666666667
0.79
0.8559166666666667
0.9261666666666667
0.8781666666666667
0.916
0.88875
0.9575
0.9440833333333334
0.7178333333333333
0.9221666666666667
0.95225
0.8956666666666667
0.9355
0.9415833333333333
0.899
0.86025
0.9269166666666667
0.95075
0.85775
0.9435
0.8263333333333334
0.9625833333333333
0.897
0.94225
0.8898333333333334
0.8538333333333333
0.9166666666666666
0.90825
0.9309166666666666
0.961
0.93925
0.9428333333333333
0.9520833333333333
0.95925
0.9546666666666667
0.9599166666666666
0.9611666666666666
0.961
0.9596666666666667
0.9636666666666667
0.96325
0.9556666666666667
0.9541666666666667
0.9615
0.9515833333333333
0.9675
0.9671666666666666
0.9634166666666667
0.9658333333333333
0.9674166666666667
0.9698333333333333
0.9675833333333334
0.9589166666666666
0.9698333333333333
0.9703333333333334
0.961
0.9695833333333334
0.97
0.96075
0.9659166666666666
0.9573333333333334
0.9659166666666666
0.9731666666666666
0.9704166666666667
0.9656666666666667
0.9644166666666667
0.9708333333333333
0.9745833333333334
0.969
0.969
0.9595
0.9655833333333333
0.9606666666666667
0.9644166666666667
0.9705
0.9701666666666666
0.97275
0.9709166666666667
0.9605
0.97
0.9725833333333334
0.9744166666666667
0.9696666666666667
0.96775
0.9710833333333333
0.9745
0.9701666666666666
0.95825
0.9705833333333334
0.9729166666666667
0.9660833333333333
0.9724166666666667
0.97025
0.9765833333333334
0.9710833333333333
0.9735
0.9690833333333333
0.9728333333333333
0.9755833333333334
0.9768333333333333
0.9774166666666667
0.975
0.9770833333333333
0.9735833333333334
0.9775833333333334
0.9773333333333334
0.9740833333333333
0.9790833333333333
0.9739166666666667
0.9751666666666666
0.9728333333333333
0.9785
0.97525
0.9750833333333333
0.97825
0.9781666666666666
0.9775
0.9773333333333334
0.9741666666666666
0.9765
0.97625
0.9749166666666667
0.977
0.9723333333333334
0.9811666666666666
0.9745833333333334
0.9768333333333333
0.9794166666666667
0.9790833333333333
0.9768333333333333
0.9758333333333333
0.9776666666666667
0.9814166666666667
0.9789166666666667
0.9805
0.9763333333333334
0.9785833333333334
0.979
0.9760833333333333
0.978
0.9784166666666667
0.9799166666666667
0.9764166666666667
0.9776666666666667
0.9781666666666666
0.9770833333333333
0.97775
0.977
0.9775
0.97575
0.982
