0.6905833333333333
0.71675
0.7845
0.79725
0.8133333333333334
0.8092916666666666
0.82425
0.794
0.729375
0.8160416666666667
0.8452916666666667
0.67475
0.7530833333333333
0.8541666666666666
0.87175
0.860375
0.8529583333333334
0.8570416666666667
0.8437916666666667
0.8579583333333334
0.855625
0.8421666666666666
0.7924166666666667
0.8212916666666666
0.8637083333333333
0.867625
0.838375
0.8619166666666667
0.85675
0.77625
0.7005833333333333
0.823625
0.8737916666666666
0.8215833333333333
0.8161666666666667
0.8664583333333333
0.8249166666666666
0.856125
0.882125
0.879625
0.8769583333333333
0.8550416666666667
0.8245416666666666
0.8854166666666666
0.7925
0.8893333333333333
0.8844583333333333
0.89475
0.82125
0.879875
0.90075
0.88125
0.882625
0.86925
0.8946666666666667
0.8737916666666666
0.8642083333333334
0.8459583333333334
0.901
0.8612083333333334
0.9259166666666667
0.92675
0.924875
0.9266666666666666
0.922
0.9222083333333333
0.9047083333333333
0.9275416666666667
0.9290833333333334
0.937125
0.9326666666666666
0.92525
0.9358333333333333
0.9307083333333334
0.929625
0.9226666666666666
0.9339583333333333
0.9338333333333333
0.9343333333333333
0.9215
0.9415416666666667
0.9335
0.9333333333333333
0.920125
0.937875
0.933125
0.934125
0.9359166666666666
0.9425833333333333
0.93875
0.9428333333333333
0.94
0.9372083333333333
0.937125
0.9374583333333333
0.9409583333333333
0.9435
0.94525
0.9429166666666666
0.9439583333333333
0.9390833333333334
0.9434583333333333
0.9421666666666667
0.9357916666666667
0.9400833333333334
0.9336666666666666
0.9395833333333333
0.9300833333333334
0.939375
0.932375
0.9442083333333333
0.9408333333333333
0.9354583333333333
0.9345416666666667
0.9369583333333333
0.9410416666666667
0.9347083333333334
0.9335833333333333
0.94025
0.9405833333333333
0.94625
0.9509583333333333
0.9528333333333333
0.9526666666666667
0.9549583333333334
0.9535416666666666
0.9549166666666666
0.9537083333333334
0.9568333333333333
0.9562916666666667
0.9541666666666667
0.955
0.9555833333333333
0.9579166666666666
0.9570833333333333
0.9556666666666667
0.9522083333333333
0.9575833333333333
0.9592083333333333
0.959125
0.9565
0.9569583333333334
0.9557083333333334
0.9552083333333333
0.9592083333333333
0.957875
0.9595416666666666
0.959625
0.957375
0.957125
0.95425
0.9600416666666667
0.957375
0.9607916666666667
0.9530833333333333
0.9547083333333334
0.962625
0.960375
0.9607916666666667
0.9594583333333333
0.957125
0.9532916666666666
0.9590416666666667
0.9584166666666667
0.9598333333333333
0.9595833333333333
0.9629166666666666
0.959125
0.9593333333333334
0.9594583333333333
0.9555416666666666
0.9594166666666667
0.962375
0.96125
0.961125
0.9598333333333333
0.9635
0.956125
0.9637083333333333
0.9565
