0.8124583333333333
0.842
0.8999583333333333
0.910875
0.92025
0.929125
0.88925
0.7909583333333333
0.9344583333333333
0.9297083333333334
0.8935416666666667
0.8094583333333333
0.8711666666666666
0.9330833333333334
0.8687916666666666
0.9262083333333333
0.9279166666666666
0.9265833333333333
0.9078333333333334
0.9404583333333333
0.9042916666666667
0.9219583333333333
0.8921666666666667
0.948375
0.9217916666666667
0.923125
0.9135833333333333
0.916875
0.9107083333333333
0.8790416666666667
0.9475
0.9364583333333333
0.8472916666666667
0.936
0.9104583333333334
0.928125
0.7761666666666667
0.8275
0.94925
0.9375416666666667
0.946125
0.9422916666666666
0.928
0.944875
0.952375
0.9364583333333333
0.932375
0.9047083333333333
0.9214583333333334
0.8700416666666667
0.9567916666666667
0.9450416666666667
0.92475
0.7974583333333334
0.9345416666666667
0.9566666666666667
0.8441666666666666
0.9464166666666667
0.90175
0.9214583333333334
0.96775
0.9642916666666667
0.9657083333333333
0.9599166666666666
0.964875
0.956
0.962875
0.9640833333333333
0.9577916666666667
0.960625
0.9598333333333333
0.9599166666666666
0.9634583333333333
0.95825
0.9544166666666667
0.962875
0.9647916666666667
0.9606666666666667
0.9654583333333333
0.9573333333333334
0.9601666666666666
0.964625
0.9677083333333333
0.9771666666666666
0.9730833333333333
0.9649166666666666
0.9699166666666666
0.964
0.9575416666666666
0.96425
0.9712083333333333
0.9727916666666667
0.9695
0.976125
0.9687083333333333
0.9635416666666666
0.969875
0.95125
0.9717083333333333
0.9658333333333333
0.973375
0.9713333333333334
0.97125
0.9661666666666666
0.9702083333333333
0.97125
0.968875
0.9665416666666666
0.9649166666666666
0.965375
0.9687916666666667
0.954875
0.9721666666666666
0.965625
0.9694166666666667
0.9568333333333333
0.9652083333333333
0.967625
0.9535833333333333
0.9702083333333333
0.974875
0.9725416666666666
0.9745416666666666
0.973
0.96925
0.9720833333333333
0.9735416666666666
0.97425
0.9740833333333333
0.975625
0.9707083333333333
0.976
0.978625
0.974
0.9765416666666666
0.9773333333333334
0.978125
0.9781666666666666
0.9770833333333333
0.9747916666666666
0.9770833333333333
0.9785833333333334
0.9775
0.976875
0.9732083333333333
0.976125
0.9780416666666667
0.9812083333333333
0.9791666666666666
0.9762083333333333
0.974625
0.9764583333333333
0.9752083333333333
0.9752916666666667
0.97825
0.9765
0.9793333333333333
0.9785416666666666
0.9782083333333333
0.976
0.981375
0.9781666666666666
0.9796666666666667
0.977875
0.9764166666666667
0.9784583333333333
0.976375
0.9779166666666667
0.97775
0.9775
0.9767083333333333
0.97825
0.9773333333333334
0.9801666666666666
0.9786666666666667
0.9799166666666667
0.9790416666666667
0.9795416666666666
0.980625
0.9797083333333333
