0.8998333333333334
0.9010833333333333
0.9408333333333333
0.9460833333333334
0.9235
0.961125
0.9049583333333333
0.9096666666666666
0.9444166666666667
0.9329166666666666
0.94225
0.9167083333333333
0.954625
0.9417083333333334
0.970625
0.9364166666666667
0.92075
0.968125
0.94775
0.9634166666666667
0.9729166666666667
0.9600416666666667
0.948
0.9794166666666667
0.9719166666666667
0.9731666666666666
0.9334583333333333
0.9502916666666666
0.9115833333333333
0.940125
0.9449583333333333
0.969125
0.9642916666666667
0.9030416666666666
0.969625
0.9647916666666667
0.9589166666666666
0.955375
0.878625
0.9622083333333333
0.9676666666666667
0.9803333333333333
0.9645833333333333
0.9503333333333334
0.9393333333333334
0.9428333333333333
0.805875
0.9219166666666667
0.97225
0.9286666666666666
0.9309583333333333
0.97325
0.9224583333333334
0.9180833333333334
0.9612916666666667
0.9697083333333333
0.9694166666666667
0.968875
0.865125
0.9299583333333333
0.983875
0.980125
0.979
0.9809166666666667
0.9867916666666666
0.983125
0.978625
0.9793333333333333
0.9835416666666666
0.983125
0.9851666666666666
0.9780416666666667
0.9842916666666667
0.982375
0.9797083333333333
0.9802083333333333
0.9845
0.9854583333333333
0.9814166666666667
0.9856666666666667
0.9862083333333334
0.9832083333333334
0.9864166666666667
0.983125
0.9820833333333333
0.9855
0.9840833333333333
0.981875
0.9844166666666667
0.9841666666666666
0.9830833333333333
0.9875416666666667
0.9827916666666666
0.981
0.9861666666666666
0.9832083333333334
0.976375
0.9822916666666667
0.981875
0.9793333333333333
0.9822083333333333
0.9828333333333333
0.9835416666666666
0.9837916666666666
0.98025
0.984
0.9804166666666667
0.98
0.98
0.982
0.9787083333333333
0.971375
0.9815
0.981875
0.9759583333333334
0.97975
0.985125
0.986
0.9845416666666666
0.9805
0.98
0.9835416666666666
0.9880833333333333
0.9885
0.9861666666666666
0.988625
0.987625
0.9858333333333333
0.9876666666666667
0.98725
0.988
0.9875833333333334
0.9896666666666667
0.9904583333333333
0.9884583333333333
0.9887916666666666
0.990375
0.9892916666666667
0.9906666666666667
0.9891666666666666
0.9901666666666666
0.9899583333333334
0.9915
0.991375
0.9909583333333334
0.9924166666666666
0.9885
0.989125
0.990125
0.9883333333333333
0.9905416666666667
0.992125
0.988875
0.989375
0.9932916666666667
0.9908333333333333
0.99275
0.9907916666666666
0.9891666666666666
0.9932916666666667
0.9938333333333333
0.9917083333333333
0.99175
0.9915833333333334
0.99325
0.989875
0.9912916666666667
0.9913333333333333
0.9907916666666666
0.9915416666666667
0.992125
0.9919583333333334
0.99075
0.9915
0.9908333333333333
0.9925833333333334
0.9925833333333334
0.9922916666666667
0.9909166666666667
0.9907083333333333
