0.7327083333333333
0.77525
0.77425
0.7946666666666666
0.8299583333333334
0.8439583333333334
0.7352916666666667
0.8155833333333333
0.8935416666666667
0.8082083333333333
0.826
0.8429166666666666
0.836
0.87575
0.8827916666666666
0.84325
0.8605833333333334
0.8895
0.8826666666666667
0.8845833333333334
0.9019166666666667
0.8994583333333334
0.8216666666666667
0.90325
0.798
0.8345416666666666
0.9023333333333333
0.8817083333333333
0.8834583333333333
0.895875
0.9044583333333334
0.838125
0.866
0.9131666666666667
0.8600416666666667
0.8814583333333333
0.9025833333333333
0.9085416666666667
0.824875
0.8929166666666667
0.8879583333333333
0.9093333333333333
0.9042083333333333
0.88975
0.8949583333333333
0.8775833333333334
0.8665
0.9192083333333333
0.88925
0.8208333333333333
0.8897083333333333
0.7651666666666667
0.86825
0.8945833333333333
0.9110416666666666
0.9061666666666667
0.9014583333333334
0.886375
0.8488333333333333
0.9170833333333334
0.93525
0.93575
0.9382916666666666
0.9425416666666667
0.9430833333333334
0.9430833333333334
0.9430416666666667
0.94325
0.9440416666666667
0.944125
0.94375
0.9462083333333333
0.9489166666666666
0.9447916666666667
0.9493333333333334
0.945
0.9490416666666667
0.9491666666666667
0.9452916666666666
0.9486666666666667
0.9460833333333334
0.9451666666666667
0.9494583333333333
0.9489166666666666
0.9497083333333334
0.9487916666666667
0.9509583333333333
0.9478333333333333
0.945625
0.943875
0.9472083333333333
0.94825
0.946
0.9472083333333333
0.9493333333333334
0.952125
0.9494166666666667
0.9508333333333333
0.950125
0.94275
0.9513333333333334
0.94775
0.9404583333333333
0.9499583333333333
0.946875
0.941625
0.9489166666666666
0.9449583333333333
0.949375
0.9495
0.9417083333333334
0.9509166666666666
0.9475
0.948625
0.9415416666666667
0.952125
0.94525
0.9475
0.945875
0.9540416666666667
0.9556666666666667
0.9557916666666667
0.9569166666666666
0.9588333333333333
0.9589583333333334
0.958
0.9609166666666666
0.9580416666666667
0.9586666666666667
0.96025
0.9618333333333333
0.9602916666666667
0.961
0.9600833333333333
0.9624166666666667
0.9604583333333333
0.9612916666666667
0.9646666666666667
0.962375
0.962
0.9636666666666667
0.9626666666666667
0.9619166666666666
0.9645416666666666
0.96425
0.962125
0.964375
0.9642083333333333
0.962375
0.9656666666666667
0.963625
0.9649166666666666
0.9630833333333333
0.963375
0.9623333333333334
0.965375
0.9655833333333333
0.9654583333333333
0.965125
0.9640416666666667
0.9644166666666667
0.9656666666666667
0.9655416666666666
0.967875
0.96525
0.9655
0.9652083333333333
0.9655
0.9663333333333334
0.9654166666666667
0.9657916666666667
0.9650833333333333
0.967375
0.9650416666666667
0.967
0.9674166666666667
0.966625
0.9646666666666667
0.967625
0.966
