0.8491666666666666
0.8966111111111111
0.9009444444444444
0.8125555555555556
0.8980555555555556
0.9085555555555556
0.8905555555555555
0.9331111111111111
0.9225
0.8543333333333333
0.821
0.9337222222222222
0.9513333333333334
0.8406111111111111
0.8648333333333333
0.9312222222222222
0.9309444444444445
0.8728333333333333
0.7963333333333333
0.8978888888888888
0.9266666666666666
0.9338888888888889
0.8798888888888889
0.8702222222222222
0.8941111111111111
0.8721666666666666
0.9128888888888889
0.8277222222222222
0.8956111111111111
0.9494444444444444
0.9468333333333333
0.9372222222222222
0.8736666666666667
0.8230555555555555
0.8561111111111112
0.8423333333333334
0.8789444444444444
0.927
0.9100555555555555
0.907
0.9379444444444445
0.9083888888888889
0.8435555555555555
0.9451666666666667
0.9581666666666667
0.9027222222222222
0.8987222222222222
0.8765555555555555
0.9517222222222222
0.9145555555555556
0.967
0.7742777777777777
0.8061666666666667
0.9406111111111111
0.9651666666666666
0.8936666666666667
0.9541111111111111
0.95
0.9462777777777778
0.9367222222222222
0.9732222222222222
0.9695
0.9654444444444444
0.9713333333333334
0.9692222222222222
0.9681111111111111
0.9667222222222223
0.9672222222222222
0.9715
0.971
0.9748888888888889
0.9772222222222222
0.9722777777777778
0.9751111111111112
0.9726111111111111
0.9772777777777778
0.9755555555555555
0.9765
0.9770555555555556
0.9777222222222223
0.9776111111111111
0.9747777777777777
0.9775
0.9776111111111111
0.9788333333333333
0.9778888888888889
0.9778333333333333
0.9774444444444444
0.9787222222222223
0.9802222222222222
0.979
0.9801111111111112
0.9806666666666667
0.9811111111111112
0.9788888888888889
0.9807777777777777
0.9801666666666666
0.9782222222222222
0.9757777777777777
0.9787777777777777
0.9813333333333333
0.9783333333333334
0.98
0.9796666666666667
0.98
0.9810555555555556
0.9791666666666666
0.9810555555555556
0.9806666666666667
0.9769444444444444
0.9797777777777777
0.9811111111111112
0.9818888888888889
0.9818888888888889
0.9788888888888889
0.9787777777777777
0.9798888888888889
0.9770555555555556
0.9776111111111111
0.9742777777777778
0.9831111111111112
0.9827222222222223
0.9824444444444445
0.9818888888888889
0.9826111111111111
0.9842777777777778
0.9827777777777778
0.9840555555555556
0.9839444444444444
0.9835
0.9837222222222223
0.9841666666666666
0.9834444444444445
0.9828888888888889
0.9838888888888889
0.9845
0.9841666666666666
0.985
0.9841111111111112
0.9840555555555556
0.9849444444444444
0.9852777777777778
0.9848333333333333
0.9830555555555556
0.9834444444444445
0.9840555555555556
0.9843333333333333
0.9844444444444445
0.9839444444444444
0.985
0.9852222222222222
0.9842222222222222
0.9848333333333333
0.9842222222222222
0.9851111111111112
0.9839444444444444
0.9845555555555555
0.9836111111111111
0.9843888888888889
0.9855555555555555
0.9852222222222222
0.9862777777777778
0.9843888888888889
0.9842222222222222
0.986
0.9862222222222222
0.9843888888888889
0.9871666666666666
0.9857777777777778
0.9853333333333333
0.9856666666666667
0.9851666666666666
0.9857777777777778
0.9857222222222223
0.9855555555555555
0.9875555555555555
0.9857777777777778
0.9856666666666667
0.9839444444444444
0.9852777777777778
