0.733
0.7844444444444445
0.8426111111111111
0.8533333333333334
0.8503333333333334
0.7605555555555555
0.8214444444444444
0.7310555555555556
0.8462777777777778
0.8232222222222222
0.8139444444444445
0.7672222222222222
0.8460555555555556
0.8277222222222222
0.8665
0.7009444444444445
0.8756111111111111
0.8753333333333333
0.6997222222222222
0.8013333333333333
0.8900555555555556
0.7589444444444444
0.8664444444444445
0.8433333333333334
0.8311666666666667
0.8838888888888888
0.8821666666666667
0.8714444444444445
0.8988333333333334
0.8613888888888889
0.8771111111111111
0.8741666666666666
0.7609444444444444
0.8274444444444444
0.7822222222222223
0.7796666666666666
0.8192222222222222
0.8823888888888889
0.8265
0.8493888888888889
0.862
0.8907777777777778
0.8087777777777778
0.7982222222222223
0.8201111111111111
0.8628333333333333
0.8816666666666667
0.8175
0.8650555555555556
0.8841666666666667
0.8745555555555555
0.8878333333333334
0.8708888888888889
0.8844444444444445
0.9022222222222223
0.8286666666666667
0.826
0.8628333333333333
0.8667222222222222
0.8342222222222222
0.9079444444444444
0.8958888888888888
0.9050555555555555
0.9080555555555555
0.9052222222222223
0.9078888888888889
0.9058888888888889
0.9165
0.8946666666666667
0.9156111111111112
0.9096666666666666
0.9207222222222222
0.9157222222222222
0.9093333333333333
0.9175555555555556
0.9125555555555556
0.9118888888888889
0.9243888888888889
0.9235
0.9267777777777778
0.9217222222222222
0.9266111111111112
0.921
0.9313333333333333
0.9327222222222222
0.9226666666666666
0.9323333333333333
0.9301666666666667
0.9311111111111111
0.9261666666666667
0.9313888888888889
0.9272777777777778
0.8889444444444444
0.9217222222222222
0.9333888888888889
0.9313333333333333
0.9253333333333333
0.9361111111111111
0.9249444444444445
0.9345555555555556
0.9261666666666667
0.9282777777777778
0.9336666666666666
0.9363333333333334
0.9362222222222222
0.9355
0.9232777777777778
0.9377777777777778
0.9326666666666666
0.9413333333333334
0.9364444444444444
0.9318888888888889
0.9419444444444445
0.9167777777777778
0.9325555555555556
0.9408333333333333
0.9238888888888889
0.9324444444444444
0.9308333333333333
0.9283333333333333
0.9425555555555556
0.9435
0.9437222222222222
0.9473333333333334
0.9457222222222222
0.9475
0.9478333333333333
0.9511111111111111
0.9470555555555555
0.9480555555555555
0.9488333333333333
0.9443888888888889
0.9515
0.9487222222222222
0.9467777777777778
0.9510555555555555
0.9501666666666667
0.9495555555555556
0.9500555555555555
0.9522222222222222
0.9522777777777778
0.9504444444444444
0.9526111111111111
0.9486666666666667
0.9505555555555556
0.9507777777777778
0.9523333333333334
0.9491111111111111
0.9528333333333333
0.9513888888888888
0.9504444444444444
0.9553333333333334
0.9503333333333334
0.9539444444444445
0.9533888888888888
0.9535555555555556
0.9535555555555556
0.9478888888888889
0.9548333333333333
0.9532222222222222
0.9526666666666667
0.9546111111111111
0.9545
0.9586111111111111
0.9551666666666667
0.9552222222222222
0.9527777777777777
0.9552777777777778
0.9565
0.9546666666666667
0.9556666666666667
0.9521111111111111
0.9567222222222223
0.9543333333333334
0.9578333333333333
0.9517777777777777
0.9564444444444444
0.9555
0.9596111111111111
0.9544444444444444
