0.8094166666666667
0.9551666666666667
0.9213333333333333
0.9201666666666667
0.90075
0.9548333333333333
0.8795
0.6850833333333334
0.9200833333333334
0.42825
0.8068333333333333
0.89725
0.8478333333333333
0.9036666666666666
0.8804166666666666
0.8480833333333333
0.5193333333333333
0.53275
0.76525
0.6513333333333333
0.9185
0.8295
0.8635833333333334
0.9153333333333333
0.65925
0.77
0.8825833333333334
0.8178333333333333
0.959
0.7845
0.6454166666666666
0.8749166666666667
0.9569166666666666
0.955
0.8458333333333333
0.9598333333333333
0.9678333333333333
0.8785
0.689
0.952
0.8778333333333334
0.92275
0.9216666666666666
0.9288333333333333
0.8911666666666667
0.9101666666666667
0.8454166666666667
0.845
0.94375
0.891
0.912
0.9635833333333333
0.8948333333333334
0.9054166666666666
0.9376666666666666
0.9785
0.8201666666666667
0.8364166666666667
0.625
0.90225
0.9828333333333333
0.981
0.9839166666666667
0.97825
0.9763333333333334
0.97575
0.9773333333333334
0.96975
0.97625
0.9795833333333334
0.9805
0.9755833333333334
0.9845833333333334
0.9830833333333333
0.97375
0.9841666666666666
0.9808333333333333
0.9815833333333334
0.9809166666666667
0.973
0.9738333333333333
0.9825833333333334
0.9835
0.941
0.973
0.98
0.9840833333333333
0.9875
0.9851666666666666
0.9858333333333333
0.9773333333333334
0.9839166666666667
0.9855
0.9880833333333333
0.9845833333333334
0.989
0.98925
0.9876666666666667
0.9858333333333333
0.9885
0.982
0.9894166666666667
0.9770833333333333
0.9854166666666667
0.9853333333333333
0.9923333333333333
0.98975
0.99125
0.9846666666666667
0.98625
0.9884166666666667
0.99325
0.9876666666666667
0.991
0.99225
0.9918333333333333
0.9926666666666667
0.9926666666666667
0.9934166666666666
0.9839166666666667
0.9859166666666667
0.97925
0.9864166666666667
0.9861666666666666
0.986
0.9851666666666666
0.9866666666666667
0.9889166666666667
0.98775
0.9898333333333333
0.9905
0.9921666666666666
0.9874166666666667
0.991
0.99225
0.9908333333333333
0.9916666666666667
0.9916666666666667
0.9870833333333333
0.9930833333333333
0.9905
0.9908333333333333
0.9926666666666667
0.9878333333333333
0.9905833333333334
0.9888333333333333
0.9894166666666667
0.9926666666666667
0.9895833333333334
0.98825
0.9896666666666667
0.9914166666666666
0.9905
0.9888333333333333
0.9918333333333333
0.9916666666666667
0.9895833333333334
0.9923333333333333
0.9921666666666666
0.9895
0.9905833333333334
0.9915
0.9920833333333333
0.9926666666666667
0.9915833333333334
0.9914166666666666
0.9871666666666666
0.99
0.9908333333333333
0.98975
0.9906666666666667
0.992
0.99225
0.9928333333333333
0.9889166666666667
0.9924166666666666
0.991
0.9925833333333334
0.9919166666666667
0.992
