0.7936666666666666
0.96
0.9568333333333333
0.79675
0.9789166666666667
0.9690833333333333
0.9818333333333333
0.9719166666666667
0.9713333333333334
0.9816666666666667
0.883
0.9449166666666666
0.8290833333333333
0.75175
0.8985
0.9254166666666667
0.6273333333333333
0.88925
0.9388333333333333
0.853
0.8116666666666666
0.8754166666666666
0.8020833333333334
0.9199166666666667
0.8014166666666667
0.95475
0.8308333333333333
0.88475
0.9426666666666667
0.9479166666666666
0.9169166666666667
0.8804166666666666
0.8264166666666667
0.9395
0.9434166666666667
0.8826666666666667
0.90975
0.8334166666666667
0.93375
0.8914166666666666
0.6455833333333333
0.9475
0.9481666666666667
0.9454166666666667
0.9389166666666666
0.9518333333333333
0.94025
0.975
0.9445833333333333
0.8783333333333333
0.36425
0.8690833333333333
0.85775
0.9926666666666667
0.9596666666666667
0.88775
0.9366666666666666
0.9800833333333333
0.93875
0.8946666666666667
0.9843333333333333
0.9910833333333333
0.9775833333333334
0.99075
0.9828333333333333
0.9850833333333333
0.9933333333333333
0.9889166666666667
0.9863333333333333
0.9861666666666666
0.9834166666666667
0.9803333333333333
0.9839166666666667
0.9860833333333333
0.9845
0.989
0.98725
0.9879166666666667
0.9874166666666667
0.9890833333333333
0.98775
0.98675
0.9928333333333333
0.9775833333333334
0.9876666666666667
0.9888333333333333
0.9919166666666667
0.9929166666666667
0.98925
0.98675
0.9916666666666667
0.9885
0.9909166666666667
0.99225
0.9880833333333333
0.988
0.9926666666666667
0.9925
0.994
0.9889166666666667
0.98275
0.99275
0.9941666666666666
0.9960833333333333
0.99575
0.9966666666666667
0.9938333333333333
0.9914166666666666
0.98975
0.9918333333333333
0.991
0.9803333333333333
0.9865
0.9941666666666666
0.9950833333333333
0.9874166666666667
0.9926666666666667
0.9844166666666667
0.9796666666666667
0.98825
0.9860833333333333
0.9935833333333334
0.99425
0.9958333333333333
0.99625
0.9941666666666666
0.9814166666666667
0.98825
0.9973333333333333
0.9960833333333333
0.9968333333333333
0.9964166666666666
0.9948333333333333
0.9955
0.99625
0.991
0.9974166666666666
0.9913333333333333
0.9959166666666667
0.9971666666666666
0.9963333333333333
0.99575
0.9971666666666666
0.9943333333333333
0.9971666666666666
0.9968333333333333
0.99625
0.9965
0.9960833333333333
0.9920833333333333
0.9971666666666666
0.99575
0.99675
0.9974166666666666
0.9968333333333333
0.9986666666666667
0.99525
0.9895833333333334
0.9936666666666667
0.997
0.9966666666666667
0.9966666666666667
0.9931666666666666
0.9960833333333333
0.9973333333333333
0.9911666666666666
0.9976666666666667
0.9978333333333333
0.99725
0.9980833333333333
0.99725
0.9959166666666667
0.9964166666666666
0.9959166666666667
0.998
0.997
0.9954166666666666
0.9956666666666667
0.9945833333333334
0.9950833333333333
