0.650375
0.7549166666666667
0.8135833333333333
0.773875
0.7549583333333333
0.7729166666666667
0.7292083333333333
0.7580416666666666
0.78925
0.7992916666666666
0.7359166666666667
0.840375
0.6682916666666666
0.6830833333333334
0.72625
0.8185
0.863625
0.7694583333333334
0.7787916666666667
0.625375
0.7485416666666667
0.8525416666666666
0.79575
0.8282916666666666
0.791875
0.74375
0.79525
0.7327083333333333
0.8389583333333334
0.884875
0.8657916666666666
0.8789166666666667
0.8427916666666667
0.89475
0.8612083333333334
0.8315833333333333
0.87775
0.8367916666666667
0.87775
0.8419583333333334
0.816875
0.8515416666666666
0.768375
0.875375
0.8880833333333333
0.88225
0.8199166666666666
0.871
0.8527916666666666
0.8524166666666667
0.7392916666666667
0.8296666666666667
0.78875
0.8875416666666667
0.8940833333333333
0.8865416666666667
0.625
0.829625
0.8200416666666667
0.8675833333333334
0.932875
0.9385416666666667
0.9406666666666667
0.9402916666666666
0.9459166666666666
0.9430833333333334
0.9482916666666666
0.9495833333333333
0.94875
0.9460416666666667
0.9495833333333333
0.9479583333333333
0.9500416666666667
0.951875
0.9524583333333333
0.9531666666666667
0.9472916666666666
0.948625
0.951875
0.9514166666666667
0.957375
0.9564166666666667
0.945375
0.9516666666666667
0.9504166666666667
0.9520833333333333
0.949625
0.9526666666666667
0.954875
0.948625
0.945625
0.9522916666666666
0.9503333333333334
0.949125
0.9463333333333334
0.9475833333333333
0.95525
0.950375
0.9527916666666667
0.9494583333333333
0.9522916666666666
0.9499166666666666
0.9540833333333333
0.9524583333333333
0.9406666666666667
0.9530416666666667
0.94875
0.9444166666666667
0.9535416666666666
0.9412083333333333
0.9406666666666667
0.9424583333333333
0.946875
0.9509166666666666
0.9374583333333333
0.9552083333333333
0.9421666666666667
0.933625
0.9518333333333333
0.9496666666666667
0.9557083333333334
0.959125
0.9604583333333333
0.96175
0.96275
0.9602083333333333
0.9612083333333333
0.9625
0.9587916666666667
0.9601666666666666
0.9635
0.9604583333333333
0.962125
0.9643333333333334
0.9662916666666667
0.9625
0.9615833333333333
0.966125
0.96825
0.9660416666666667
0.96575
0.967
0.966625
0.9668333333333333
0.96475
0.9625833333333333
0.9652083333333333
0.963375
0.9639583333333334
0.964625
0.9668333333333333
0.96625
0.9598333333333333
0.9662083333333333
0.968
0.968375
0.9685
0.97075
0.9669583333333334
0.9646666666666667
0.9670833333333333
0.9644166666666667
0.966625
0.9650833333333333
0.9667916666666667
0.967
0.9668333333333333
0.9665416666666666
0.9665416666666666
0.969125
0.9705
0.971125
0.9710416666666667
0.9699166666666666
0.9644166666666667
0.9674583333333333
0.965375
0.9670416666666667
0.9686666666666667
0.969875
