0.7804166666666666
0.9174166666666667
0.9066666666666666
0.86675
0.9173333333333333
0.98625
0.9665833333333333
0.9805
0.9886666666666667
0.97275
0.9785833333333334
0.9700833333333333
0.9419166666666666
0.9415833333333333
0.9808333333333333
0.9115833333333333
0.8365
0.9810833333333333
0.9695833333333334
0.9688333333333333
0.9288333333333333
0.8928333333333334
0.97725
0.8336666666666667
0.9836666666666667
0.9673333333333334
0.9095
0.96325
0.9359166666666666
0.9165
0.94325
0.8751666666666666
0.9488333333333333
0.92975
0.9591666666666666
0.9706666666666667
0.97175
0.783
0.9471666666666667
0.9548333333333333
0.98725
0.95075
0.87025
0.9669166666666666
0.9584166666666667
0.9083333333333333
0.7794166666666666
0.9633333333333334
0.9555833333333333
0.8876666666666667
0.8401666666666666
0.94875
0.8994166666666666
0.96875
0.8298333333333333
0.9608333333333333
0.94725
0.9306666666666666
0.9478333333333333
0.9521666666666667
0.9605
0.9570833333333333
0.9755
0.9650833333333333
0.95725
0.9698333333333333
0.9591666666666666
0.9691666666666666
0.9795
0.974
0.97825
0.9705833333333334
0.9671666666666666
0.9700833333333333
0.9685
0.97025
0.9723333333333334
0.9819166666666667
0.9695
0.97075
0.9679166666666666
0.9749166666666667
0.9825
0.9690833333333333
0.98225
0.9765833333333334
0.9775
0.9791666666666666
0.9849166666666667
0.9821666666666666
0.9829166666666667
0.9775833333333334
0.9811666666666666
0.98025
0.9841666666666666
0.98675
0.987
0.9891666666666666
0.9865833333333334
0.987
0.9893333333333333
0.9865833333333334
0.9884166666666667
0.99075
0.9875833333333334
0.9905833333333334
0.9814166666666667
0.9904166666666666
0.9916666666666667
0.9858333333333333
0.9923333333333333
0.99375
0.991
0.9944166666666666
0.9916666666666667
0.9929166666666667
0.9924166666666666
0.9920833333333333
0.9914166666666666
0.9925833333333334
0.99225
0.9954166666666666
0.9913333333333333
0.9926666666666667
0.993
0.992
0.9923333333333333
0.9930833333333333
0.996
0.9910833333333333
0.9939166666666667
0.9945833333333334
0.9900833333333333
0.9940833333333333
0.9943333333333333
0.9916666666666667
0.9933333333333333
0.9934166666666666
0.9930833333333333
0.99375
0.995
0.9935
0.993
0.9925
0.9908333333333333
0.9926666666666667
0.9911666666666666
0.992
0.994
0.9940833333333333
0.9930833333333333
0.9935833333333334
0.9915833333333334
0.9925833333333334
0.99375
0.9916666666666667
0.99425
0.9950833333333333
0.99475
0.9945833333333334
0.9931666666666666
0.9918333333333333
0.99425
0.9963333333333333
0.9944166666666666
0.9905
0.991
0.99325
0.9939166666666667
0.9925833333333334
0.99225
0.9946666666666667
0.9941666666666666
0.9938333333333333
0.994
0.9946666666666667
0.994
0.9933333333333333
0.9958333333333333
0.9939166666666667
