0.9155
0.9175833333333333
0.912625
0.866375
0.900625
0.9063333333333333
0.9325416666666667
0.939125
0.9256666666666666
0.922875
0.960875
0.91275
0.9382916666666666
0.9452083333333333
0.949125
0.8755416666666667
0.932125
0.93275
0.928125
0.9579166666666666
0.93175
0.950125
0.9259583333333333
0.9615833333333333
0.9032916666666667
0.9622916666666667
0.9362916666666666
0.918375
0.9579583333333334
0.8597916666666666
0.9297083333333334
0.9465833333333333
0.9462916666666666
0.95725
0.951875
0.931625
0.9670416666666667
0.9573333333333334
0.9314166666666667
0.9158333333333334
0.939375
0.9529583333333334
0.9067916666666667
0.9604583333333333
0.9600416666666667
0.908625
0.92525
0.886
0.933375
0.9645
0.9522916666666666
0.9269583333333333
0.9627083333333334
0.959625
0.961125
0.9593333333333334
0.9484583333333333
0.9562083333333333
0.9590833333333333
0.9523333333333334
0.97275
0.9782916666666667
0.976625
0.97925
0.97175
0.9770833333333333
0.9745
0.9755833333333334
0.9792083333333333
0.9769166666666667
0.9685
0.97775
0.9797083333333333
0.9795
0.980875
0.9749166666666667
0.975125
0.97675
0.9761666666666666
0.97975
0.9807083333333333
0.9815
0.9832083333333334
0.981125
0.979375
0.98325
0.98025
0.9835
0.9755416666666666
0.9814166666666667
0.979375
0.973125
0.9814166666666667
0.9809583333333334
0.980625
0.9796666666666667
0.9796666666666667
0.9824166666666667
0.978375
0.9825833333333334
0.9707916666666667
0.98075
0.9818333333333333
0.969625
0.983875
0.9824166666666667
0.98325
0.9819166666666667
0.979875
0.9794583333333333
0.9844583333333333
0.9820416666666667
0.9816666666666667
0.9734166666666667
0.983125
0.983125
0.9729583333333334
0.9781666666666666
0.978125
0.9755
0.9855833333333334
0.9842916666666667
0.9835
0.983375
0.98475
0.9855416666666666
0.9830833333333333
0.9838333333333333
0.987625
0.9865
0.9850416666666667
0.984125
0.98525
0.9860833333333333
0.9855833333333334
0.9857083333333333
0.986625
0.986375
0.9852083333333334
0.9857916666666666
0.9838333333333333
0.9865833333333334
0.9845833333333334
0.9850833333333333
0.986375
0.9860416666666667
0.9864166666666667
0.9855416666666666
0.986875
0.9863333333333333
0.9862916666666667
0.98725
0.9857916666666666
0.986875
0.98675
0.9857083333333333
0.9850833333333333
0.9874166666666667
0.9845416666666666
0.9852916666666667
0.9869166666666667
0.9872916666666667
0.986625
0.98675
0.9878333333333333
0.988
0.9875833333333334
0.985125
0.98675
0.9885
0.9869166666666667
0.98775
0.9875
0.9881666666666666
0.9852916666666667
0.9872916666666667
0.988
0.986375
0.9882916666666667
0.9874166666666667
