0.85625
0.8845
0.9033333333333333
0.2755
0.9285
0.9355833333333333
0.9024166666666666
0.8194166666666667
0.8903333333333333
0.884
0.8703333333333333
0.8193333333333334
0.7816666666666666
0.77525
0.9594166666666667
0.8580833333333333
0.8800833333333333
0.9271666666666667
0.9149166666666667
0.8834166666666666
0.87775
0.8523333333333334
0.8359166666666666
0.9455833333333333
0.88825
0.88675
0.8286666666666667
0.95925
0.9228333333333333
0.858
0.9251666666666667
0.9204166666666667
0.9554166666666667
0.8995
0.8383333333333334
0.827
0.9015
0.8865
0.7745
0.7401666666666666
0.9649166666666666
0.8408333333333333
0.9000833333333333
0.9240833333333334
0.8965833333333333
0.8713333333333333
0.9221666666666667
0.89375
0.9664166666666667
0.8760833333333333
0.92325
0.7279166666666667
0.8555
0.955
0.9274166666666667
0.96575
0.924
0.9215
0.94525
0.8095
0.9385
0.9351666666666667
0.959
0.9574166666666667
0.9428333333333333
0.95025
0.961
0.9654166666666667
0.9638333333333333
0.9634166666666667
0.943
0.95975
0.964
0.966
0.9695
0.9633333333333334
0.97475
0.9580833333333333
0.9695
0.9626666666666667
0.9615833333333333
0.9729166666666667
0.9759166666666667
0.982
0.9634166666666667
0.9779166666666667
0.9706666666666667
0.96725
0.977
0.9723333333333334
0.9754166666666667
0.9725833333333334
0.9785
0.97775
0.98425
0.98275
0.983
0.9810833333333333
0.9755
0.9811666666666666
0.9724166666666667
0.9806666666666667
0.981
0.98225
0.9209166666666667
0.9739166666666667
0.9918333333333333
0.97725
0.9851666666666666
0.9740833333333333
0.98
0.9759166666666667
0.9445833333333333
0.9769166666666667
0.9715833333333334
0.9895
0.9824166666666667
0.9760833333333333
0.9805
0.983
0.9844166666666667
0.9826666666666667
0.9836666666666667
0.9826666666666667
0.9885
0.9854166666666667
0.9848333333333333
0.9850833333333333
0.9881666666666666
0.98125
0.9846666666666667
0.9820833333333333
0.9875833333333334
0.98425
0.9888333333333333
0.9848333333333333
0.98575
0.97975
0.9895833333333334
0.9888333333333333
0.98575
0.9878333333333333
0.985
0.9865
0.9880833333333333
0.98525
0.9875
0.9845
0.9898333333333333
0.988
0.98925
0.9819166666666667
0.9839166666666667
0.9875833333333334
0.9886666666666667
0.9875
0.9880833333333333
0.9846666666666667
0.9879166666666667
0.9885
0.98675
0.9898333333333333
0.9874166666666667
0.9864166666666667
0.9885
0.9850833333333333
0.9828333333333333
0.9844166666666667
0.9871666666666666
0.9825833333333334
0.9905833333333334
0.9905833333333334
0.9890833333333333
0.9855833333333334
0.98925
0.99
0.98625
0.99025
0.9871666666666666
0.9904166666666666
