0.8239583333333333
0.8617916666666666
0.8222083333333333
0.890125
0.9139166666666667
0.728625
0.87425
0.9382083333333333
0.879875
0.9120416666666666
0.9454583333333333
0.88125
0.89825
0.916375
0.8256666666666667
0.9180833333333334
0.9351666666666667
0.933125
0.89725
0.905375
0.9239166666666667
0.94475
0.8985833333333333
0.9050416666666666
0.8838333333333334
0.8750833333333333
0.887375
0.923
0.9490833333333333
0.9539583333333334
0.9516666666666667
0.9205
0.922375
0.9413333333333334
0.9444166666666667
0.9465833333333333
0.9110833333333334
0.9588333333333333
0.9465416666666666
0.9505416666666666
0.94225
0.95325
0.9340416666666667
0.9304166666666667
0.9492916666666666
0.9567083333333334
0.9016666666666666
0.9489166666666666
0.9192916666666666
0.9579166666666666
0.93275
0.9447916666666667
0.9560416666666667
0.950375
0.9482083333333333
0.9487083333333334
0.959875
0.9529583333333334
0.9514583333333333
0.8404166666666667
0.9586666666666667
0.9584166666666667
0.9548333333333333
0.9537916666666667
0.9640416666666667
0.9630833333333333
0.9607916666666667
0.9702916666666667
0.9666666666666667
0.9647083333333333
0.9640833333333333
0.9621666666666666
0.966625
0.9686666666666667
0.9674583333333333
0.97225
0.9670416666666667
0.97675
0.9768333333333333
0.96925
0.97625
0.97425
0.978625
0.97525
0.9744166666666667
0.9776666666666667
0.976625
0.97425
0.9704166666666667
0.9655
0.9742916666666667
0.9739166666666667
0.974125
0.9763333333333334
0.972875
0.9742083333333333
0.9766666666666667
0.969625
0.973625
0.9771666666666666
0.9775416666666666
0.9673333333333334
0.9617916666666667
0.978
0.974375
0.973625
0.9612083333333333
0.9749166666666667
0.9787083333333333
0.9725
0.9764166666666667
0.9743333333333334
0.9801666666666666
0.9745416666666666
0.9742916666666667
0.9746666666666667
0.9707083333333333
0.97425
0.980875
0.971875
0.9745833333333334
0.9777916666666666
0.980125
0.9712916666666667
0.97875
0.9814166666666667
0.9827083333333333
0.980875
0.9825
0.979625
0.9821666666666666
0.981875
0.9825833333333334
0.981625
0.9795833333333334
0.98075
0.9795
0.983125
0.9800833333333333
0.9825416666666666
0.9830833333333333
0.9826666666666667
0.9819166666666667
0.9800833333333333
0.9817083333333333
0.9844583333333333
0.9822083333333333
0.9840833333333333
0.9830416666666667
0.9840833333333333
0.9825833333333334
0.980875
0.981
0.9839583333333334
0.9842916666666667
0.9841666666666666
0.9831666666666666
0.982625
0.9837083333333333
0.9813333333333333
0.979125
0.98175
0.9824166666666667
0.9850833333333333
0.9857083333333333
0.986125
0.984375
0.9842083333333334
0.9837083333333333
0.9830416666666667
0.9824166666666667
0.984
0.982
0.9839166666666667
0.98125
0.9827916666666666
0.9844583333333333
0.9845416666666666
0.9835416666666666
0.9830416666666667
