0.8053333333333333
0.87575
0.866
0.8974166666666666
0.9384166666666667
0.8555
0.9345
0.9415833333333333
0.91775
0.9619166666666666
0.6930833333333334
0.94
0.945
0.9528333333333333
0.9459166666666666
0.9311666666666667
0.92525
0.9480833333333333
0.9338333333333333
0.96525
0.9305833333333333
0.8498333333333333
0.957
0.9254166666666667
0.9450833333333334
0.9640833333333333
0.9608333333333333
0.9553333333333334
0.8520833333333333
0.9383333333333334
0.9728333333333333
0.9350833333333334
0.9304166666666667
0.8855
0.8351666666666666
0.8520833333333333
0.7240833333333333
0.93775
0.9184166666666667
0.932
0.8095
0.8108333333333333
0.97175
0.9234166666666667
0.87925
0.9783333333333334
0.8659166666666667
0.8564166666666667
0.9354166666666667
0.9115833333333333
0.9306666666666666
0.9544166666666667
0.91325
0.9585833333333333
0.8141666666666667
0.9353333333333333
0.959
0.90975
0.9169166666666667
0.7585833333333334
0.9620833333333333
0.956
0.9700833333333333
0.95725
0.9535833333333333
0.9635833333333333
0.9578333333333333
0.9480833333333333
0.9525
0.94625
0.9414166666666667
0.9605833333333333
0.95725
0.9405833333333333
0.95175
0.96225
0.9613333333333334
0.951
0.9520833333333333
0.9600833333333333
0.95375
0.9639166666666666
0.9691666666666666
0.9653333333333334
0.9613333333333334
0.9496666666666667
0.9368333333333333
0.9515833333333333
0.94825
0.95275
0.9599166666666666
0.96325
0.9478333333333333
0.9630833333333333
0.9699166666666666
0.9734166666666667
0.9664166666666667
0.9531666666666667
0.9665833333333333
0.9678333333333333
0.971
0.971
0.9678333333333333
0.9685833333333334
0.9676666666666667
0.9640833333333333
0.974
0.96025
0.9694166666666667
0.9395833333333333
0.9538333333333333
0.9688333333333333
0.96975
0.9553333333333334
0.9644166666666667
0.96475
0.9753333333333334
0.9710833333333333
0.9621666666666666
0.97525
0.9735
0.9805
0.9733333333333334
0.9771666666666666
0.9688333333333333
0.9813333333333333
0.98125
0.98025
0.9751666666666666
0.9784166666666667
0.9740833333333333
0.9793333333333333
0.9736666666666667
0.9758333333333333
0.9800833333333333
0.96925
0.9734166666666667
0.9770833333333333
0.97775
0.9785833333333334
0.978
0.9781666666666666
0.9766666666666667
0.9803333333333333
0.9765833333333334
0.9793333333333333
0.9778333333333333
0.97625
0.9778333333333333
0.98125
0.9818333333333333
0.9798333333333333
0.98175
0.9795833333333334
0.979
0.9813333333333333
0.9795833333333334
0.9774166666666667
0.9820833333333333
0.9711666666666666
0.9780833333333333
0.9781666666666666
0.981
0.9825833333333334
0.9775
0.979
0.9800833333333333
0.9751666666666666
0.982
0.9810833333333333
0.9805
0.9818333333333333
0.98475
0.9810833333333333
0.9814166666666667
0.9819166666666667
0.9804166666666667
0.9794166666666667
0.97875
0.9813333333333333
