0.7703888888888889
0.9056666666666666
0.9176666666666666
0.9165555555555556
0.9171111111111111
0.9377777777777778
0.9420555555555555
0.9552777777777778
0.9344444444444444
0.8618333333333333
0.9209444444444445
0.946
0.9341666666666667
0.9511666666666667
0.9526111111111111
0.9567222222222223
0.9393333333333334
0.9596666666666667
0.9422222222222222
0.9577222222222223
0.9393333333333334
0.9426111111111111
0.8820555555555556
0.9492222222222222
0.9552777777777778
0.9493888888888888
0.9615555555555556
0.9572777777777778
0.9540555555555555
0.9615555555555556
0.9482777777777778
0.9258333333333333
0.9504444444444444
0.9675555555555555
0.9588888888888889
0.9358888888888889
0.9647222222222223
0.9547777777777777
0.9586666666666667
0.8695
0.9518333333333333
0.9602222222222222
0.9537777777777777
0.9581111111111111
0.9568888888888889
0.9010555555555556
0.9640555555555556
0.9507222222222222
0.9568888888888889
0.9632777777777778
0.9532222222222222
0.9435555555555556
0.9588333333333333
0.9448333333333333
0.9648888888888889
0.9342777777777778
0.9311666666666667
0.9562777777777778
0.9551666666666667
0.9481666666666667
0.9725
0.9738333333333333
0.9715555555555555
0.9740555555555556
0.9757222222222223
0.9755
0.9725
0.9761111111111112
0.9775
0.9755555555555555
0.9757222222222223
0.9712222222222222
0.9755
0.9712777777777778
0.9754444444444444
0.9706111111111111
0.9758888888888889
0.976
0.9778888888888889
0.9777777777777777
0.9741111111111111
0.9712222222222222
0.9785555555555555
0.9726666666666667
0.9762777777777778
0.9740555555555556
0.9705555555555555
0.9722222222222222
0.9756111111111111
0.9739444444444444
0.9718333333333333
0.9673333333333334
0.9775
0.9738333333333333
0.9764444444444444
0.9786111111111111
0.9779444444444444
0.9776111111111111
0.9790555555555556
0.9749444444444444
0.9807222222222223
0.9773333333333334
0.9735555555555555
0.9796111111111111
0.9739444444444444
0.9805
0.9754444444444444
0.9775
0.9686666666666667
0.9720555555555556
0.977
0.9775555555555555
0.9726666666666667
0.9760555555555556
0.9770555555555556
0.9757222222222223
0.9714444444444444
0.9746111111111111
0.9654444444444444
0.9757222222222223
0.976
0.9776111111111111
0.9786111111111111
0.9767777777777777
0.9771666666666666
0.9806111111111111
0.9778333333333333
0.9776111111111111
0.9803888888888889
0.9785555555555555
0.9801666666666666
0.9773888888888889
0.98
0.9792777777777778
0.9781666666666666
0.9807222222222223
0.9795555555555555
0.9783333333333334
0.9796111111111111
0.9781111111111112
0.9772777777777778
0.9772777777777778
0.9812222222222222
0.9782222222222222
0.9781666666666666
0.9791111111111112
0.9781666666666666
0.9786111111111111
0.9785555555555555
0.9817222222222223
0.9785555555555555
0.9776666666666667
0.9797222222222223
0.9799444444444444
0.98
0.9808333333333333
0.9813333333333333
0.9731666666666666
0.9799444444444444
0.9775555555555555
0.9806666666666667
0.981
0.978
0.9766666666666667
0.9777222222222223
0.9818333333333333
0.9786666666666667
0.9772222222222222
0.9822222222222222
0.9791666666666666
0.9786666666666667
0.9785555555555555
0.9794444444444445
0.9803333333333333
0.9803333333333333
0.9807777777777777
0.9791666666666666
0.9810555555555556
0.9776111111111111
0.9768888888888889
