0.7831666666666667
0.869
0.84325
0.9080833333333334
0.8188333333333333
0.8033333333333333
0.8876666666666667
0.8923333333333333
0.8686666666666667
0.8530833333333333
0.8266666666666667
0.8676666666666667
0.7016666666666667
0.8463333333333334
0.7858333333333334
0.8069166666666666
0.7155833333333333
0.8321666666666667
0.8265
0.79025
0.78775
0.8334166666666667
0.8635
0.91925
0.7521666666666667
0.8936666666666667
0.8409166666666666
0.8335833333333333
0.7195
0.5613333333333334
0.70725
0.8445
0.8609166666666667
0.736
0.79775
0.6234166666666666
0.8303333333333334
0.8679166666666667
0.88475
0.9285
0.8103333333333333
0.88725
0.7446666666666667
0.912
0.7455833333333334
0.8494166666666667
0.828
0.8959166666666667
0.78275
0.8205
0.9244166666666667
0.8068333333333333
0.8565
0.7731666666666667
0.82
0.8631666666666666
0.7785
0.9355833333333333
0.8440833333333333
0.8454166666666667
0.938
0.9365833333333333
0.9234166666666667
0.9186666666666666
0.9275
0.93475
0.93825
0.9391666666666667
0.9335
0.9429166666666666
0.9389166666666666
0.9399166666666666
0.9426666666666667
0.93825
0.9379166666666666
0.938
0.9344166666666667
0.92025
0.9385
0.9385833333333333
0.947
0.9404166666666667
0.9486666666666667
0.94775
0.9495
0.95025
0.949
0.9446666666666667
0.9545
0.9500833333333333
0.9481666666666667
0.95475
0.8320833333333333
0.9630833333333333
0.9535
0.9566666666666667
0.9501666666666667
0.95875
0.9568333333333333
0.9560833333333333
0.9653333333333334
0.95425
0.95875
0.9549166666666666
0.9616666666666667
0.9590833333333333
0.9536666666666667
0.96675
0.9670833333333333
0.9595
0.9619166666666666
0.9565
0.9655833333333333
0.9666666666666667
0.9548333333333333
0.9623333333333334
0.9489166666666666
0.96575
0.9639166666666666
0.94875
0.9571666666666667
0.96125
0.9671666666666666
0.9574166666666667
0.9635833333333333
0.962
0.96125
0.9643333333333334
0.9674166666666667
0.9663333333333334
0.9678333333333333
0.96425
0.96275
0.9664166666666667
0.9679166666666666
0.9665833333333333
0.9680833333333333
0.9643333333333334
0.9668333333333333
0.9655833333333333
0.97275
0.9705833333333334
0.9695
0.9654166666666667
0.96975
0.9718333333333333
0.9715833333333334
0.97375
0.9714166666666667
0.9675833333333334
0.9681666666666666
0.9718333333333333
0.9638333333333333
0.9738333333333333
0.9744166666666667
0.9629166666666666
0.9701666666666666
0.9766666666666667
0.97025
0.9720833333333333
0.97325
0.9713333333333334
0.973
0.97525
0.97175
0.9744166666666667
0.973
0.9684166666666667
0.97325
0.9730833333333333
0.9735
0.96775
0.9730833333333333
0.9760833333333333
0.9749166666666667
0.9701666666666666
0.973
0.9704166666666667
0.9685833333333334
0.97175
