0.8507777777777777
0.9167222222222222
0.8436111111111111
0.7367222222222222
0.814
0.7368333333333333
0.9318333333333333
0.8737222222222222
0.9259444444444445
0.8681666666666666
0.8516666666666667
0.9260555555555555
0.8368333333333333
0.8557222222222223
0.7333888888888889
0.7968333333333333
0.9057777777777778
0.9011666666666667
0.9033888888888889
0.7531111111111111
0.8516111111111111
0.9361111111111111
0.8576666666666667
0.8117777777777778
0.8696111111111111
0.8966666666666666
0.8486666666666667
0.7624444444444445
0.9079444444444444
0.7920555555555555
0.7798333333333334
0.8775
0.8805555555555555
0.8662222222222222
0.9508888888888889
0.8115555555555556
0.8946666666666667
0.8991666666666667
0.8448888888888889
0.8576111111111111
0.8245555555555556
0.9127777777777778
0.8578888888888889
0.9255
0.8626666666666667
0.8641666666666666
0.9469444444444445
0.9167222222222222
0.8598333333333333
0.821
0.8636666666666667
0.9273888888888889
0.9247222222222222
0.9076666666666666
0.9032777777777777
0.8145
0.9536666666666667
0.9336111111111111
0.9121666666666667
0.9262777777777778
0.9352222222222222
0.9477222222222222
0.9554444444444444
0.945
0.9538333333333333
0.9588333333333333
0.9532222222222222
0.9556111111111111
0.9618333333333333
0.9651666666666666
0.9609444444444445
0.969
0.9561111111111111
0.966
0.959
0.9686111111111111
0.9666111111111111
0.9651111111111111
0.9695
0.9679444444444445
0.9671111111111111
0.9677222222222223
0.9604444444444444
0.958
0.9703333333333334
0.9665555555555555
0.9739444444444444
0.9698333333333333
0.9620555555555556
0.9727222222222223
0.9706111111111111
0.9736666666666667
0.9725
0.9716111111111111
0.9732222222222222
0.9627222222222223
0.9702777777777778
0.9746666666666667
0.9745555555555555
0.9742222222222222
0.9746666666666667
0.9641111111111111
0.9714444444444444
0.9706666666666667
0.9658333333333333
0.9721111111111111
0.9751666666666666
0.9688333333333333
0.9718888888888889
0.9707222222222223
0.9719444444444445
0.9712777777777778
0.9735
0.9732777777777778
0.9734444444444444
0.9668888888888889
0.9652777777777778
0.9748333333333333
0.9652222222222222
0.9721666666666666
0.9783333333333334
0.9765
0.9770555555555556
0.975
0.9781111111111112
0.9778888888888889
0.9787777777777777
0.9765
0.9775555555555555
0.9794444444444445
0.9776111111111111
0.9779444444444444
0.9791111111111112
0.9811111111111112
0.9789444444444444
0.9771111111111112
0.9791111111111112
0.9797222222222223
0.9807777777777777
0.9791666666666666
0.9788333333333333
0.9806111111111111
0.981
0.9756666666666667
0.9806111111111111
0.9809444444444444
0.9787222222222223
0.9828888888888889
0.9796111111111111
0.9811111111111112
0.982
0.9829444444444444
0.9823888888888889
0.9792222222222222
0.9812222222222222
0.9809444444444444
0.9814444444444445
0.9773333333333334
0.9819444444444444
0.9809444444444444
0.9815
0.9778888888888889
0.9807777777777777
0.9812222222222222
0.9825555555555555
0.9826111111111111
0.9825
0.9825555555555555
0.9802777777777778
0.9819444444444444
0.9817777777777777
0.9820555555555556
0.9817777777777777
0.9824444444444445
0.9797222222222223
0.9812222222222222
0.9814444444444445
0.9807777777777777
0.9806666666666667
0.9821111111111112
