0.79825
0.6825833333333333
0.7853333333333333
0.93625
0.951
0.9548333333333333
0.84325
0.947
0.9244166666666667
0.94525
0.9385833333333333
0.92775
0.95925
0.9840833333333333
0.924
0.9630833333333333
0.9508333333333333
0.922
0.9650833333333333
0.9141666666666667
0.8606666666666667
0.9485
0.9635833333333333
0.7646666666666667
0.822
0.953
0.8955
0.9644166666666667
0.9309166666666666
0.8656666666666667
0.8393333333333334
0.8406666666666667
0.7723333333333333
0.8735833333333334
0.8728333333333333
0.9651666666666666
0.95825
0.9570833333333333
0.8343333333333334
0.8918333333333334
0.9533333333333334
0.9005833333333333
0.8660833333333333
0.891
0.9085
0.77625
0.829
0.9696666666666667
0.901
0.8770833333333333
0.7930833333333334
0.8630833333333333
0.9181666666666667
0.85425
0.7874166666666667
0.8973333333333333
0.8356666666666667
0.9133333333333333
0.911
0.7004166666666667
0.9245833333333333
0.9076666666666666
0.9219166666666667
0.9604166666666667
0.919
0.9105
0.94025
0.9201666666666667
0.93975
0.9485
0.9408333333333333
0.9414166666666667
0.9158333333333334
0.9396666666666667
0.9211666666666667
0.9343333333333333
0.9403333333333334
0.9411666666666667
0.9569166666666666
0.95275
0.9223333333333333
0.9534166666666667
0.92275
0.9440833333333334
0.9361666666666667
0.9523333333333334
0.96075
0.9535833333333333
0.9586666666666667
0.9360833333333334
0.95525
0.96475
0.9544166666666667
0.9456666666666667
0.961
0.9591666666666666
0.9585
0.9579166666666666
0.9640833333333333
0.9550833333333333
0.9550833333333333
0.9683333333333334
0.96275
0.9594166666666667
0.969
0.968
0.9471666666666667
0.95475
0.963
0.9590833333333333
0.981
0.95725
0.965
0.9685
0.9648333333333333
0.9745833333333334
0.9616666666666667
0.9758333333333333
0.9078333333333334
0.9795
0.9641666666666666
0.972
0.973
0.9729166666666667
0.98
0.976
0.9715
0.9771666666666666
0.987
0.9776666666666667
0.96775
0.9715
0.9658333333333333
0.97125
0.9603333333333334
0.9735833333333334
0.9734166666666667
0.9765
0.9695
0.9701666666666666
0.971
0.9825833333333334
0.9805
0.9703333333333334
0.965
0.9626666666666667
0.9701666666666666
0.9713333333333334
0.9685833333333334
0.9795833333333334
0.9804166666666667
0.9699166666666666
0.9791666666666666
0.97525
0.9786666666666667
0.97475
0.9845833333333334
0.97825
0.96
0.98275
0.98375
0.9695833333333334
0.974
0.9684166666666667
0.98125
0.97675
0.9759166666666667
0.9763333333333334
0.9790833333333333
0.9744166666666667
0.9745833333333334
0.9799166666666667
0.9775833333333334
0.9706666666666667
0.9775833333333334
0.9779166666666667
0.969
0.9688333333333333
0.98225
0.9776666666666667
